   -0.794831812382    1.000000000000
    0.472540915012    1.000000000000
   -1.069855213165    1.000000000000
    0.568412363529    1.000000000000
   -0.895336806774    1.000000000000
    1.813863158226    1.000000000000
    0.357169181108    1.000000000000
    1.345898509026    1.000000000000
   -0.014697815292    1.000000000000
    1.207026481628    1.000000000000
    0.625520944595    1.000000000000
    0.396013647318    1.000000000000
    1.086090207100    1.000000000000
    0.650982081890    1.000000000000
    0.243617296219    1.000000000000
   -0.324230909348    1.000000000000
    2.408008337021    1.000000000000
   -0.330245673656    1.000000000000
    0.367171704769    1.000000000000
    0.867835402489    1.000000000000
   -1.323426604271    1.000000000000
    0.099308751523    1.000000000000
   -1.544120430946    1.000000000000
    0.627459466457    1.000000000000
   -0.048384509981    1.000000000000
    0.692401528358    1.000000000000
    0.425882369280    1.000000000000
   -0.052312456071    1.000000000000
    0.403133958578    1.000000000000
    0.666868507862    1.000000000000
    0.884040892124    1.000000000000
    0.910237550735    1.000000000000
    0.210811287165    1.000000000000
    0.134490028024    1.000000000000
   -1.629848361015    1.000000000000
   -0.771707773209    1.000000000000
    0.116315588355    1.000000000000
    0.188148036599    1.000000000000
    0.557116150856    1.000000000000
    0.695522487164    1.000000000000
    0.424091458321    1.000000000000
   -0.515808165073    1.000000000000
    1.621565341949    1.000000000000
   -2.012052059174    1.000000000000
    1.480990052223    1.000000000000
   -1.049685001373    1.000000000000
   -1.704493045807    1.000000000000
    1.811724543571    1.000000000000
   -0.312660753727    1.000000000000
    1.192844867706    1.000000000000
   -0.002703014994    1.000000000000
   -0.523202478886    1.000000000000
    1.091431260109    1.000000000000
   -0.339159131050    1.000000000000
    0.557135283947    1.000000000000
   -0.163886889815    1.000000000000
    1.341261148453    1.000000000000
   -1.065769553185    1.000000000000
   -0.761719107628    1.000000000000
   -0.727155864239    1.000000000000
   -0.507293522358    1.000000000000
   -0.307294100523    1.000000000000
   -2.571320533752    1.000000000000
   -0.143366724253    1.000000000000
    0.942622363567    1.000000000000
   -0.963913917542    1.000000000000
   -0.419232875109    1.000000000000
   -0.754334986210    1.000000000000
    0.020415836945    1.000000000000
    0.876268029213    1.000000000000
    1.076482176781    1.000000000000
    0.541110813618    1.000000000000
   -0.332402795553    1.000000000000
    0.195558786392    1.000000000000
    0.163566723466    1.000000000000
    0.421388804913    1.000000000000
   -1.040356636047    1.000000000000
    0.916697561741    1.000000000000
   -0.199957743287    1.000000000000
   -0.332766771317    1.000000000000
   -1.015759587288    1.000000000000
    0.811816215515    1.000000000000
    1.022792339325    1.000000000000
    0.911267459393    1.000000000000
    1.785419940948    1.000000000000
    2.173799991608    1.000000000000
   -1.145501255989    1.000000000000
   -0.241357192397    1.000000000000
   -1.499355316162    1.000000000000
    0.435066282749    1.000000000000
   -1.286330580711    1.000000000000
    2.420736551285    1.000000000000
   -0.279025882483    1.000000000000
    1.506158590317    1.000000000000
    0.394385427237    1.000000000000
    1.975609660149    1.000000000000
    0.269171983004    1.000000000000
   -0.757554113865    1.000000000000
   -0.651746094227    1.000000000000
   -1.442322492599    1.000000000000
    0.804598748684    1.000000000000
    0.964431464672    1.000000000000
    0.388997703791    1.000000000000
   -0.744194984436    1.000000000000
   -0.263159722090    1.000000000000
    0.589294373989    1.000000000000
    0.947985112667    1.000000000000
    0.223019599915    1.000000000000
   -2.188328742981    1.000000000000
    0.267633020878    1.000000000000
    0.422713637352    1.000000000000
    0.795239806175    1.000000000000
   -1.559430956841    1.000000000000
    0.665218532085    1.000000000000
   -0.071616932750    1.000000000000
    0.780210375786    1.000000000000
    0.724998235703    1.000000000000
   -0.882791996002    1.000000000000
    1.707526803017    1.000000000000
   -0.544470667839    1.000000000000
    0.097830243409    1.000000000000
   -0.969484567642    1.000000000000
    0.860343635082    1.000000000000
    0.108821310103    1.000000000000
    0.797078549862    1.000000000000
   -0.066097132862    1.000000000000
    0.927492558956    1.000000000000
    1.176365733147    1.000000000000
   -1.264458298683    1.000000000000
   -1.143070697784    1.000000000000
   -0.501022815704    1.000000000000
    0.949676454067    1.000000000000
    0.740583777428    1.000000000000
    0.455021589994    1.000000000000
   -0.095792338252    1.000000000000
   -0.267218440771    1.000000000000
    0.076470270753    1.000000000000
    1.060920476913    1.000000000000
   -0.480091601610    1.000000000000
    0.687783002853    1.000000000000
    0.139524444938    1.000000000000
    0.157524958253    1.000000000000
    0.204517766833    1.000000000000
    0.271434098482    1.000000000000
    0.828592061996    1.000000000000
    0.466924488544    1.000000000000
   -0.349058985710    1.000000000000
    0.021724097431    1.000000000000
    0.213786557317    1.000000000000
   -0.193073898554    1.000000000000
   -0.890715658665    1.000000000000
   -0.117691755295    1.000000000000
    0.481691211462    1.000000000000
   -0.527275860310    1.000000000000
   -0.196732595563    1.000000000000
    1.205632448196    1.000000000000
   -1.633221030235    1.000000000000
   -1.348944544792    1.000000000000
    0.318214207888    1.000000000000
   -0.339673757553    1.000000000000
   -1.485915184021    1.000000000000
    0.698162555695    1.000000000000
   -1.488318681717    1.000000000000
    0.341709464788    1.000000000000
    1.600856900215    1.000000000000
   -0.811709821224    1.000000000000
   -0.815975844860    1.000000000000
    0.490240395069    1.000000000000
    0.945105373859    1.000000000000
    1.039659023285    1.000000000000
   -1.414757847786    1.000000000000
   -1.468881011009    1.000000000000
   -0.349993675947    1.000000000000
    1.845587253571    1.000000000000
   -0.080943547189    1.000000000000
    1.016273736954    1.000000000000
   -1.139583230019    1.000000000000
    0.466819375753    1.000000000000
   -0.978195369244    1.000000000000
    0.590179026127    1.000000000000
    0.059202000499    1.000000000000
   -0.128376647830    1.000000000000
    0.004981967621    1.000000000000
   -1.763921618462    1.000000000000
   -0.479841589928    1.000000000000
   -2.229124069214    1.000000000000
    0.627277553082    1.000000000000
   -0.136273443699    1.000000000000
    0.700099110603    1.000000000000
   -0.862359583378    1.000000000000
   -2.182442903519    1.000000000000
    0.145357802510    1.000000000000
   -0.277899920940    1.000000000000
   -0.318171501160    1.000000000000
    0.922527492046    1.000000000000
    2.007404327393    1.000000000000
    0.128932490945    1.000000000000
    0.051026266068    1.000000000000
   -1.426792025566    1.000000000000
   -0.585543155670    1.000000000000
   -0.450280994177    1.000000000000
    0.816108345985    1.000000000000
    0.498788028955    1.000000000000
   -0.888049185276    1.000000000000
   -0.297705054283    1.000000000000
    0.997438848019    1.000000000000
    0.248057246208    1.000000000000
    2.046119689941    1.000000000000
    0.628638863564    1.000000000000
    1.433157682419    1.000000000000
    1.265595078468    1.000000000000
   -0.696494519711    1.000000000000
   -0.277082562447    1.000000000000
    0.437505692244    1.000000000000
    0.371620833874    1.000000000000
    0.467590808868    1.000000000000
   -1.026301383972    1.000000000000
    0.455854535103    1.000000000000
   -2.481139183044    1.000000000000
   -1.524771571159    1.000000000000
    0.248212054372    1.000000000000
    0.521308779716    1.000000000000
   -0.508060872555    1.000000000000
    1.969604253769    1.000000000000
    0.210655778646    1.000000000000
   -0.420713067055    1.000000000000
   -1.948000192642    1.000000000000
    0.759467422962    1.000000000000
    1.964516758919    1.000000000000
    2.052530527115    1.000000000000
   -0.109440453351    1.000000000000
    1.735771417618    1.000000000000
    0.340155810118    1.000000000000
   -0.942209005356    1.000000000000
    0.430337369442    1.000000000000
    1.978086948395    1.000000000000
    0.668977379799    1.000000000000
    1.363241791725    1.000000000000
   -1.263974070549    1.000000000000
    0.439724951982    1.000000000000
    1.892216682434    1.000000000000
   -1.254006505013    1.000000000000
   -0.858078956604    1.000000000000
   -0.856910169125    1.000000000000
   -0.169008791447    1.000000000000
   -0.826092123985    1.000000000000
   -0.307414114475    1.000000000000
    0.338495433331    1.000000000000
    0.451879531145    1.000000000000
   -0.974514484406    1.000000000000
   -0.037163257599    1.000000000000
   -0.243498593569    1.000000000000
   -1.202364802361    1.000000000000
    1.183701872826    1.000000000000
   -1.771745085716    1.000000000000
    0.217610090971    1.000000000000
   -1.514905571938    1.000000000000
   -0.451991170645    1.000000000000
    0.263510882854    1.000000000000
   -1.114313721657    1.000000000000
    1.614892005920    1.000000000000
    1.231909036636    1.000000000000
   -0.448820114136    1.000000000000
    1.522494912148    1.000000000000
    1.845798373222    1.000000000000
   -1.224066972733    1.000000000000
   -0.632795035839    1.000000000000
    1.788647413254    1.000000000000
   -0.710165679455    1.000000000000
   -0.222569450736    1.000000000000
    1.156314373016    1.000000000000
    0.657969355583    1.000000000000
   -0.502090990543    1.000000000000
   -0.130284205079    1.000000000000
   -0.225773259997    1.000000000000
    1.364650011063    1.000000000000
   -0.664790689945    1.000000000000
    0.253224492073    1.000000000000
    0.755541205406    1.000000000000
    0.362476080656    1.000000000000
    1.194052934647    1.000000000000
    0.715437650681    1.000000000000
   -0.284247308969    1.000000000000
   -0.952863395214    1.000000000000
    1.767315745354    1.000000000000
    0.804145097733    1.000000000000
    1.160243868828    1.000000000000
   -1.344865083694    1.000000000000
   -0.788613259792    1.000000000000
   -0.153211280704    1.000000000000
   -0.094807356596    1.000000000000
    2.469484806061    1.000000000000
   -0.723976731300    1.000000000000
   -0.401163071394    1.000000000000
    0.683112680912    1.000000000000
   -0.411536693573    1.000000000000
    0.327564626932    1.000000000000
    0.049269333482    1.000000000000
    0.022974021733    1.000000000000
    0.999043107033    1.000000000000
    0.112956613302    1.000000000000
   -0.047841943800    1.000000000000
    0.932847917080    1.000000000000
   -1.201032996178    1.000000000000
   -0.904426455498    1.000000000000
   -1.188631296158    1.000000000000
    1.028632879257    1.000000000000
    0.968756794930    1.000000000000
    1.576954960823    1.000000000000
    0.450303554535    1.000000000000
    1.066019058228    1.000000000000
   -0.038068033755    1.000000000000
   -0.214908450842    1.000000000000
   -0.053928606212    1.000000000000
    0.822903156281    1.000000000000
    1.098953604698    1.000000000000
   -0.083566069603    1.000000000000
    0.354526698589    1.000000000000
    0.109689392149    1.000000000000
    0.308397948742    1.000000000000
   -1.050963640213    1.000000000000
   -0.789173305035    1.000000000000
   -1.688246965408    1.000000000000
   -0.126198962331    1.000000000000
   -1.555316090584    1.000000000000
   -0.279840290546    1.000000000000
    1.608554720879    1.000000000000
    0.409144103527    1.000000000000
    1.526736259460    1.000000000000
    0.239095643163    1.000000000000
   -2.016308307648    1.000000000000
    0.262437343597    1.000000000000
    1.228819489479    1.000000000000
    1.825073599815    1.000000000000
   -3.452768802643    1.000000000000
   -0.253750741482    1.000000000000
   -0.014482476749    1.000000000000
   -0.552749693394    1.000000000000
    0.924916207790    1.000000000000
   -0.825637221336    1.000000000000
   -1.765820503235    1.000000000000
    0.295427888632    1.000000000000
    0.245240911841    1.000000000000
   -1.114156723022    1.000000000000
   -0.743406951427    1.000000000000
    0.881590127945    1.000000000000
    1.583385229111    1.000000000000
   -1.478907942772    1.000000000000
    0.339364290237    1.000000000000
   -0.408350586891    1.000000000000
    0.312269926071    1.000000000000
   -0.608029007912    1.000000000000
    2.740078210831    1.000000000000
    1.013975501060    1.000000000000
    0.264701724052    1.000000000000
   -0.208116799593    1.000000000000
   -1.036677479744    1.000000000000
    0.923807024956    1.000000000000
    0.056758265942    1.000000000000
    2.055165052414    1.000000000000
    0.729127585888    1.000000000000
    0.057967260480    1.000000000000
   -0.199143990874    1.000000000000
    0.877812266350    1.000000000000
    0.672620415688    1.000000000000
    0.303688913584    1.000000000000
   -0.187127098441    1.000000000000
   -0.475787997246    1.000000000000
   -1.763471722603    1.000000000000
   -0.035716425627    1.000000000000
   -1.533616185188    1.000000000000
   -0.577554821968    1.000000000000
   -1.693278193474    1.000000000000
    0.449955850840    1.000000000000
   -2.366797208786    1.000000000000
   -1.773810982704    1.000000000000
    1.372761130333    1.000000000000
    0.226562529802    1.000000000000
    0.418608546257    1.000000000000
   -1.678558468819    1.000000000000
    0.612030446529    1.000000000000
   -0.960802257061    1.000000000000
    1.264835596085    1.000000000000
    1.125320434570    1.000000000000
    0.792647898197    1.000000000000
   -0.588609755039    1.000000000000
   -1.676476597786    1.000000000000
    0.491991072893    1.000000000000
   -0.051830004901    1.000000000000
    1.142165899277    1.000000000000
   -1.282665967941    1.000000000000
   -0.614984154701    1.000000000000
   -1.166763901711    1.000000000000
   -0.395430266857    1.000000000000
    0.850666165352    1.000000000000
   -1.120323896408    1.000000000000
   -0.449594050646    1.000000000000
    2.662137508392    1.000000000000
   -1.227163195610    1.000000000000
   -0.223759531975    1.000000000000
    2.993960380554    1.000000000000
    0.038274012506    1.000000000000
    1.496421933174    1.000000000000
   -0.411089956760    1.000000000000
   -2.181043386459    1.000000000000
   -1.218176722527    1.000000000000
   -0.816440224648    1.000000000000
   -0.754023849964    1.000000000000
   -1.898780941963    1.000000000000
   -2.206462621689    1.000000000000
   -0.260734707117    1.000000000000
   -0.321732938290    1.000000000000
   -0.615578711033    1.000000000000
   -0.957583844662    1.000000000000
   -2.081747770309    1.000000000000
    0.941945672035    1.000000000000
   -1.172417163849    1.000000000000
    0.316393971443    1.000000000000
    0.176284790039    1.000000000000
   -0.135678693652    1.000000000000
    1.152368187904    1.000000000000
   -1.600275039673    1.000000000000
   -0.252055317163    1.000000000000
   -0.583723485470    1.000000000000
   -0.371844738722    1.000000000000
   -0.395931392908    1.000000000000
    0.674793899059    1.000000000000
   -1.213019609451    1.000000000000
   -2.223812341690    1.000000000000
   -0.885881185532    1.000000000000
   -0.205113843083    1.000000000000
    0.346666723490    1.000000000000
   -0.262671768665    1.000000000000
    1.807584047318    1.000000000000
   -0.825896143913    1.000000000000
   -1.216106414795    1.000000000000
   -0.547885894775    1.000000000000
    0.406164407730    1.000000000000
    0.068598434329    1.000000000000
   -1.118689417839    1.000000000000
    0.620915830135    1.000000000000
    0.584195494652    1.000000000000
    0.536089003086    1.000000000000
   -0.948137521744    1.000000000000
   -0.091844320297    1.000000000000
   -1.618203520775    1.000000000000
   -0.294121772051    1.000000000000
   -1.418980121613    1.000000000000
    0.106165841222    1.000000000000
    1.960320234299    1.000000000000
   -1.329554319382    1.000000000000
   -1.499021530151    1.000000000000
   -0.705875217915    1.000000000000
   -2.337869882584    1.000000000000
    1.031342267990    1.000000000000
   -1.454781770706    1.000000000000
   -1.450424790382    1.000000000000
   -0.559419155121    1.000000000000
    0.725953578949    1.000000000000
    0.758989572525    1.000000000000
   -0.210159122944    1.000000000000
    0.457242459059    1.000000000000
   -1.000481605530    1.000000000000
    1.158836603165    1.000000000000
   -0.993820369244    1.000000000000
    0.764501631260    1.000000000000
   -0.433623611927    1.000000000000
    0.330153018236    1.000000000000
   -0.813741683960    1.000000000000
    1.036405801773    1.000000000000
    0.427889853716    1.000000000000
   -0.024517195299    1.000000000000
    0.293145656586    1.000000000000
    1.019196867943    1.000000000000
   -0.192173570395    1.000000000000
   -0.374840945005    1.000000000000
   -0.627389550209    1.000000000000
   -0.232187718153    1.000000000000
   -0.971198558807    1.000000000000
   -0.335990190506    1.000000000000
    1.183433055878    1.000000000000
   -1.515216946602    1.000000000000
    0.877409100533    1.000000000000
   -0.466026633978    1.000000000000
   -0.579170405865    1.000000000000
   -0.689517378807    1.000000000000
   -0.251065701246    1.000000000000
    0.751002788544    1.000000000000
   -0.015525627881    1.000000000000
   -0.907679557800    1.000000000000
   -0.701286971569    1.000000000000
   -0.206679567695    1.000000000000
    0.046390015632    1.000000000000
    0.783903241158    1.000000000000
    0.581136167049    1.000000000000
   -0.975969851017    1.000000000000
   -0.640000939369    1.000000000000
   -1.472962021828    1.000000000000
   -0.796850562096    1.000000000000
   -0.814477980137    1.000000000000
   -0.567355930805    1.000000000000
    0.731385529041    1.000000000000
    0.188564762473    1.000000000000
    1.728094458580    1.000000000000
    0.519832074642    1.000000000000
   -1.086113929749    1.000000000000
   -1.457800149918    1.000000000000
    1.646166801453    1.000000000000
   -0.031484469771    1.000000000000
    0.779665768147    1.000000000000
    0.413828879595    1.000000000000
    1.100725054741    1.000000000000
    1.303403019905    1.000000000000
    2.094522953033    1.000000000000
   -1.065094709396    1.000000000000
   -0.973862588406    1.000000000000
   -0.591921269894    1.000000000000
    1.114553928375    1.000000000000
    0.834004759789    1.000000000000
   -0.213851734996    1.000000000000
    0.353797405958    1.000000000000
   -0.295535475016    1.000000000000
    1.033142924309    1.000000000000
    0.892484545708    1.000000000000
    0.435768365860    1.000000000000
   -0.011137035675    1.000000000000
    0.480213701725    1.000000000000
   -0.297185719013    1.000000000000
    0.779713273048    1.000000000000
    0.286942183971    1.000000000000
   -1.300580978394    1.000000000000
    1.460565447807    1.000000000000
    0.541437923908    1.000000000000
    0.974527478218    1.000000000000
    1.658311724663    1.000000000000
    0.648229360580    1.000000000000
   -0.180810481310    1.000000000000
   -0.812190055847    1.000000000000
   -1.129974365234    1.000000000000
   -0.952042996883    1.000000000000
   -0.000390937814    1.000000000000
    0.256062477827    1.000000000000
   -1.200737833977    1.000000000000
    1.349626421928    1.000000000000
    0.638989388943    1.000000000000
    1.354407429695    1.000000000000
    1.621759653091    1.000000000000
   -1.282644271851    1.000000000000
    0.308947265148    1.000000000000
   -0.382960051298    1.000000000000
    0.044001609087    1.000000000000
    1.457183957100    1.000000000000
   -1.449655175209    1.000000000000
    1.640671610832    1.000000000000
   -0.306481331587    1.000000000000
   -1.276114225388    1.000000000000
    2.130849599838    1.000000000000
   -0.505900800228    1.000000000000
   -0.621300995350    1.000000000000
   -0.713051617146    1.000000000000
    0.575206756592    1.000000000000
   -0.189239129424    1.000000000000
    0.660030961037    1.000000000000
   -0.252903461456    1.000000000000
   -0.367626368999    1.000000000000
    0.521739602089    1.000000000000
    0.426186412573    1.000000000000
    0.241842269897    1.000000000000
   -0.135502159595    1.000000000000
    0.102345399559    1.000000000000
    0.201486125588    1.000000000000
    1.590647935867    1.000000000000
    0.698515474796    1.000000000000
    1.143120765686    1.000000000000
   -0.460666447878    1.000000000000
   -1.493933439255    1.000000000000
    2.282892227173    1.000000000000
   -0.114703297615    1.000000000000
   -0.379307955503    1.000000000000
   -0.852054893970    1.000000000000
    0.104308262467    1.000000000000
   -0.674819767475    1.000000000000
    0.243373796344    1.000000000000
    0.754936695099    1.000000000000
    0.907907903194    1.000000000000
    0.980225741863    1.000000000000
    0.594263732433    1.000000000000
   -0.558847427368    1.000000000000
    2.296651601791    1.000000000000
   -2.022365570068    1.000000000000
   -1.016955733299    1.000000000000
   -0.709648430347    1.000000000000
   -1.486296653748    1.000000000000
    0.240582540631    1.000000000000
    0.323955088854    1.000000000000
   -1.768122553825    1.000000000000
   -1.355048179626    1.000000000000
    1.108946442604    1.000000000000
   -2.619109630585    1.000000000000
    0.061854839325    1.000000000000
   -0.267960667610    1.000000000000
   -1.134854555130    1.000000000000
    0.242039501667    1.000000000000
   -0.803843379021    1.000000000000
    0.655140995979    1.000000000000
    0.389964640141    1.000000000000
    0.217621833086    1.000000000000
   -0.030564378947    1.000000000000
   -1.165763020515    1.000000000000
   -0.512858450413    1.000000000000
   -0.652760207653    1.000000000000
    0.570666730404    1.000000000000
   -1.487047076225    1.000000000000
   -0.227779760957    1.000000000000
    0.178838178515    1.000000000000
    0.116214573383    1.000000000000
    1.732020258904    1.000000000000
    0.207070708275    1.000000000000
   -0.119196102023    1.000000000000
    0.075258530676    1.000000000000
   -0.046248976141    1.000000000000
    0.935086309910    1.000000000000
    0.927171766758    1.000000000000
   -0.916642427444    1.000000000000
    1.647175669670    1.000000000000
   -0.565081715584    1.000000000000
   -1.454823851585    1.000000000000
   -1.895883083344    1.000000000000
    0.562984526157    1.000000000000
    0.441267967224    1.000000000000
   -0.342281371355    1.000000000000
    2.682468414307    1.000000000000
   -0.926030099392    1.000000000000
   -0.581894040108    1.000000000000
   -1.326082825661    1.000000000000
    1.220239758492    1.000000000000
   -0.817843616009    1.000000000000
   -0.520435154438    1.000000000000
    1.272618055344    1.000000000000
    0.481814593077    1.000000000000
   -0.793732821941    1.000000000000
    0.917255282402    1.000000000000
   -0.340529739857    1.000000000000
    0.203411117196    1.000000000000
    0.165463313460    1.000000000000
    0.764423489571    1.000000000000
   -0.738279283047    1.000000000000
    0.216255202889    1.000000000000
    0.134379327297    1.000000000000
   -0.087721846998    1.000000000000
   -0.018372664228    1.000000000000
    0.946485161781    1.000000000000
   -0.474381834269    1.000000000000
   -0.174182906747    1.000000000000
   -0.274997502565    1.000000000000
    0.452120035887    1.000000000000
   -1.033980965614    1.000000000000
    0.622527480125    1.000000000000
   -1.094850540161    1.000000000000
   -0.194875642657    1.000000000000
   -0.171712294221    1.000000000000
    0.246832504869    1.000000000000
   -0.808312594891    1.000000000000
    0.266226351261    1.000000000000
    0.716038525105    1.000000000000
   -1.746460556984    1.000000000000
    0.171143040061    1.000000000000
   -0.590229928493    1.000000000000
    1.485182523727    1.000000000000
   -0.615703880787    1.000000000000
    1.170896768570    1.000000000000
   -0.069494612515    1.000000000000
   -0.189388975501    1.000000000000
   -0.089513227344    1.000000000000
    0.240430921316    1.000000000000
    1.201447248459    1.000000000000
   -1.946304917336    1.000000000000
   -0.219664588571    1.000000000000
    0.246044293046    1.000000000000
   -1.040881395340    1.000000000000
    0.398926109076    1.000000000000
    0.470115721226    1.000000000000
   -1.167070150375    1.000000000000
   -0.871468722820    1.000000000000
    1.049230575562    1.000000000000
   -1.851962804794    1.000000000000
    1.411048650742    1.000000000000
    1.898676872253    1.000000000000
    1.397808074951    1.000000000000
   -0.311106771231    1.000000000000
    0.323730349541    1.000000000000
   -0.893259406090    1.000000000000
    0.174795195460    1.000000000000
    0.865066289902    1.000000000000
   -0.748259365559    1.000000000000
   -0.808036088943    1.000000000000
   -1.564509749413    1.000000000000
   -0.311618775129    1.000000000000
    0.725745260715    1.000000000000
   -0.998198568821    1.000000000000
    0.323736131191    1.000000000000
   -0.712344527245    1.000000000000
    0.175460860133    1.000000000000
   -0.104379907250    1.000000000000
   -1.478961586952    1.000000000000
   -0.243369266391    1.000000000000
   -1.699506759644    1.000000000000
    0.873814165592    1.000000000000
    0.172655925155    1.000000000000
   -1.187866926193    1.000000000000
   -0.112813234329    1.000000000000
    1.502842068672    1.000000000000
   -0.094432175159    1.000000000000
   -0.663970530033    1.000000000000
    0.355616599321    1.000000000000
    0.183694943786    1.000000000000
    0.397451251745    1.000000000000
   -0.606852889061    1.000000000000
   -0.758032619953    1.000000000000
   -0.296375751495    1.000000000000
   -0.025797899812    1.000000000000
    0.553529560566    1.000000000000
    0.356209188700    1.000000000000
   -0.593659043312    1.000000000000
   -0.913792729378    1.000000000000
    0.110086038709    1.000000000000
   -0.250671982765    1.000000000000
    0.290701836348    1.000000000000
    1.292294502258    1.000000000000
   -0.623773813248    1.000000000000
   -0.930520057678    1.000000000000
    1.689581751823    1.000000000000
    0.660344541073    1.000000000000
    0.867612719536    1.000000000000
   -0.942184507847    1.000000000000
   -1.570206284523    1.000000000000
    0.826576888561    1.000000000000
   -0.388043165207    1.000000000000
    1.637143135071    1.000000000000
   -0.236008927226    1.000000000000
   -0.295924603939    1.000000000000
    0.775202035904    1.000000000000
   -0.865511059761    1.000000000000
    0.750396966934    1.000000000000
    0.740286886692    1.000000000000
   -1.244693398476    1.000000000000
   -2.741671085358    1.000000000000
    2.111340284348    1.000000000000
   -0.569128453732    1.000000000000
    1.531763195992    1.000000000000
   -2.001588344574    1.000000000000
    1.561008930206    1.000000000000
   -0.104307182133    1.000000000000
    0.186271801591    1.000000000000
   -0.515569567680    1.000000000000
    0.176979064941    1.000000000000
    1.266513228416    1.000000000000
   -0.015090296045    1.000000000000
    0.830176889896    1.000000000000
   -0.064167365432    1.000000000000
    1.183537960052    1.000000000000
   -0.690407454967    1.000000000000
    0.245589226484    1.000000000000
   -1.945366144180    1.000000000000
    0.289228379726    1.000000000000
    0.385878652334    1.000000000000
    0.474183350801    1.000000000000
   -0.121798671782    1.000000000000
   -1.872948408127    1.000000000000
    1.906350970268    1.000000000000
    0.069790460169    1.000000000000
    0.346878796816    1.000000000000
    0.512741327286    1.000000000000
   -0.378845244646    1.000000000000
    0.020960904658    1.000000000000
   -0.549006998539    1.000000000000
   -0.839348495007    1.000000000000
    0.485345989466    1.000000000000
   -0.833535432816    1.000000000000
    1.492149233818    1.000000000000
   -0.311693519354    1.000000000000
    1.188773989677    1.000000000000
   -0.432204723358    1.000000000000
    0.591081380844    1.000000000000
   -1.139869809151    1.000000000000
    1.601691842079    1.000000000000
    1.295989036560    1.000000000000
   -0.413217335939    1.000000000000
    0.017510378733    1.000000000000
    1.324138641357    1.000000000000
   -0.582659363747    1.000000000000
   -2.096207618713    1.000000000000
    1.167814493179    1.000000000000
   -0.656198740005    1.000000000000
   -1.045141935349    1.000000000000
   -1.462774276733    1.000000000000
   -1.408287644386    1.000000000000
   -0.102367565036    1.000000000000
   -0.332244068384    1.000000000000
   -1.537434935570    1.000000000000
   -1.710099697113    1.000000000000
    1.135734677315    1.000000000000
    0.641167759895    1.000000000000
   -0.708474993706    1.000000000000
    0.005921319593    1.000000000000
   -0.495802700520    1.000000000000
   -0.230862870812    1.000000000000
   -1.176254391670    1.000000000000
    2.381567478180    1.000000000000
    0.192144125700    1.000000000000
   -0.942336738110    1.000000000000
   -0.457600057125    1.000000000000
    0.609469592571    1.000000000000
   -1.178096055984    1.000000000000
    0.827635288239    1.000000000000
   -0.677650690079    1.000000000000
    1.628672719002    1.000000000000
    1.123968362808    1.000000000000
    0.096486933529    1.000000000000
   -0.812270998955    1.000000000000
    1.151852130890    1.000000000000
   -1.175413966179    1.000000000000
    0.172789841890    1.000000000000
   -0.117348067462    1.000000000000
    1.092756390572    1.000000000000
    1.978437066078    1.000000000000
   -2.974050045013    1.000000000000
    0.730439245701    1.000000000000
    1.184990763664    1.000000000000
    0.486080586910    1.000000000000
    0.475409388542    1.000000000000
    1.322419881821    1.000000000000
   -0.251159191132    1.000000000000
    0.084295503795    1.000000000000
   -1.040778398514    1.000000000000
   -0.266367107630    1.000000000000
   -0.878516256809    1.000000000000
   -0.476649969816    1.000000000000
    1.065296173096    1.000000000000
    0.330263406038    1.000000000000
    0.183649346232    1.000000000000
   -0.657063961029    1.000000000000
    0.183521062136    1.000000000000
   -0.185409665108    1.000000000000
    0.544500112534    1.000000000000
    0.243472993374    1.000000000000
    0.140613913536    1.000000000000
   -0.651925444603    1.000000000000
    0.894110620022    1.000000000000
   -0.217500492930    1.000000000000
    1.324245929718    1.000000000000
   -1.823966145515    1.000000000000
   -0.264046072960    1.000000000000
   -0.035240858793    1.000000000000
    0.733883380890    1.000000000000
   -2.162089586258    1.000000000000
    0.410994678736    1.000000000000
    0.374110013247    1.000000000000
    0.650951325893    1.000000000000
    0.470688164234    1.000000000000
   -0.150830239058    1.000000000000
   -0.488485515118    1.000000000000
   -0.281992912292    1.000000000000
    0.107080101967    1.000000000000
    0.594085276127    1.000000000000
   -0.848070204258    1.000000000000
    1.294742465019    1.000000000000
   -0.027159467340    1.000000000000
    1.357699513435    1.000000000000
   -0.779348015785    1.000000000000
    1.216091513634    1.000000000000
    1.057203292847    1.000000000000
   -1.280737400055    1.000000000000
   -0.960958957672    1.000000000000
   -0.410976111889    1.000000000000
    0.142864659429    1.000000000000
   -0.613806784153    1.000000000000
    0.216757103801    1.000000000000
   -0.559869229794    1.000000000000
    0.875634551048    1.000000000000
   -0.550187706947    1.000000000000
   -0.448199838400    1.000000000000
   -1.625687003136    1.000000000000
    0.825048387051    1.000000000000
   -0.495467185974    1.000000000000
   -0.762697160244    1.000000000000
    2.088200092316    1.000000000000
   -0.224604398012    1.000000000000
   -0.478996664286    1.000000000000
    0.617254018784    1.000000000000
   -0.156505718827    1.000000000000
    0.133241832256    1.000000000000
   -0.434764415026    1.000000000000
    0.095469817519    1.000000000000
    0.659009814262    1.000000000000
   -0.380173712969    1.000000000000
    2.721867799759    1.000000000000
   -0.934112131596    1.000000000000
   -0.918590128422    1.000000000000
   -1.142699718475    1.000000000000
   -1.075096845627    1.000000000000
   -2.554222822189    1.000000000000
   -0.342430919409    1.000000000000
   -0.625859856606    1.000000000000
    1.057386398315    1.000000000000
    0.378189712763    1.000000000000
    1.180851697922    1.000000000000
   -0.746941030025    1.000000000000
   -1.583334088326    1.000000000000
    0.091668315232    1.000000000000
    1.159051656723    1.000000000000
    0.096326373518    1.000000000000
    0.001210684422    1.000000000000
   -0.018227823079    1.000000000000
    0.891236901283    1.000000000000
   -0.280474066734    1.000000000000
   -0.153376609087    1.000000000000
   -1.173735380173    1.000000000000
   -1.097048282623    1.000000000000
    0.877611696720    1.000000000000
    0.389656335115    1.000000000000
   -1.329706668854    1.000000000000
   -0.719012260437    1.000000000000
    1.204699754715    1.000000000000
    0.476829320192    1.000000000000
    0.863590717316    1.000000000000
    2.822741985321    1.000000000000
   -0.010062834248    1.000000000000
   -1.700630068779    1.000000000000
    0.642076730728    1.000000000000
    0.439627408981    1.000000000000
   -0.030587613583    1.000000000000
    0.969590365887    1.000000000000
   -0.986458361149    1.000000000000
    1.075605630875    1.000000000000
    0.150256499648    1.000000000000
    0.791043162346    1.000000000000
   -0.447425216436    1.000000000000
    0.088197305799    1.000000000000
    1.635623693466    1.000000000000
    0.137884289026    1.000000000000
    0.851202905178    1.000000000000
   -1.167120099068    1.000000000000
   -1.285163521767    1.000000000000
    0.191925093532    1.000000000000
   -0.090952843428    1.000000000000
   -0.781625807285    1.000000000000
    0.944056510925    1.000000000000
   -0.208505570889    1.000000000000
    1.076140761375    1.000000000000
   -0.765440642834    1.000000000000
   -2.453450679779    1.000000000000
   -0.945764720440    1.000000000000
    0.140341237187    1.000000000000
   -0.370177358389    1.000000000000
    0.275468528271    1.000000000000
    0.332101434469    1.000000000000
   -2.115327119827    1.000000000000
    0.659863710403    1.000000000000
    0.020658120513    1.000000000000
   -0.703934669495    1.000000000000
    0.199957713485    1.000000000000
    0.407251268625    1.000000000000
   -1.746484041214    1.000000000000
   -1.326819896698    1.000000000000
   -0.008847825229    1.000000000000
    0.075877234340    1.000000000000
    0.866714537144    1.000000000000
    1.949206352234    1.000000000000
   -0.671029567719    1.000000000000
   -0.929197192192    1.000000000000
    0.651625692844    1.000000000000
   -0.215858712792    1.000000000000
    0.639293432236    1.000000000000
    1.354376912117    1.000000000000
   -1.160839796066    1.000000000000
    0.708852887154    1.000000000000
    0.500685632229    1.000000000000
   -0.667835295200    1.000000000000
   -0.140126183629    1.000000000000
    0.969822883606    1.000000000000
   -0.188037186861    1.000000000000
    0.029911655933    1.000000000000
   -0.252464860678    1.000000000000
   -1.215665340424    1.000000000000
    1.432862758636    1.000000000000
    0.265382826328    1.000000000000
    1.544321060181    1.000000000000
   -0.244320735335    1.000000000000
    0.965891957283    1.000000000000
   -0.756513595581    1.000000000000
   -0.804139852524    1.000000000000
   -1.038607597351    1.000000000000
    1.026545643806    1.000000000000
   -1.528955340385    1.000000000000
   -0.216699585319    1.000000000000
    1.797539234161    1.000000000000
   -2.129867315292    1.000000000000
    1.059456825256    1.000000000000
    1.558336615562    1.000000000000
    0.721081972122    2.000000000000
    0.474440902472    2.000000000000
    0.246891826391    2.000000000000
    0.639497339725    2.000000000000
   -0.969941258430    2.000000000000
    0.328684508801    2.000000000000
   -0.824740469456    2.000000000000
   -0.005234268960    2.000000000000
   -0.139841005206    2.000000000000
    0.887129306793    2.000000000000
    0.921610057354    2.000000000000
    1.046605944633    2.000000000000
   -0.252356320620    2.000000000000
    0.159970790148    2.000000000000
   -1.211914062500    2.000000000000
   -0.587689280510    2.000000000000
   -0.615309357643    2.000000000000
   -0.034522213042    2.000000000000
   -0.246593087912    2.000000000000
    0.786021828651    2.000000000000
   -2.246788501740    2.000000000000
   -0.250295907259    2.000000000000
   -1.495069980621    2.000000000000
   -0.363082855940    2.000000000000
    1.203633666039    2.000000000000
   -0.682236909866    2.000000000000
    1.197806119919    2.000000000000
    0.661786079407    2.000000000000
    0.201246693730    2.000000000000
   -2.428875923157    2.000000000000
   -0.661006212234    2.000000000000
    0.718632400036    2.000000000000
    0.939959645271    2.000000000000
   -0.914702892303    2.000000000000
    0.336996197701    2.000000000000
   -0.574917256832    2.000000000000
   -0.114410407841    2.000000000000
    2.098687171936    2.000000000000
   -0.199852630496    2.000000000000
   -3.008649826050    2.000000000000
    0.003167335410    2.000000000000
    0.504806041718    2.000000000000
   -0.549044668674    2.000000000000
   -1.972838997841    2.000000000000
    0.714598417282    2.000000000000
   -0.198149517179    2.000000000000
   -0.557580590248    2.000000000000
   -0.823859691620    2.000000000000
    0.201342061162    2.000000000000
    0.465377986431    2.000000000000
   -0.901235818863    2.000000000000
    0.120752632618    2.000000000000
   -0.577754437923    2.000000000000
   -1.220272421837    2.000000000000
    0.162207946181    2.000000000000
   -0.291175991297    2.000000000000
    0.878191471100    2.000000000000
    0.577067136765    2.000000000000
    0.153907179832    2.000000000000
    0.355599105358    2.000000000000
    0.387725979090    2.000000000000
    0.636251449585    2.000000000000
    1.502270579338    2.000000000000
   -0.430879950523    2.000000000000
    0.633124709129    2.000000000000
    1.314590573311    2.000000000000
   -2.209648847580    2.000000000000
    0.043830908835    2.000000000000
    0.003991134930    2.000000000000
   -1.243517756462    2.000000000000
    0.441510260105    2.000000000000
    0.025875179097    2.000000000000
   -0.891727387905    2.000000000000
   -1.255870342255    2.000000000000
    1.371679186821    2.000000000000
    0.592266321182    2.000000000000
    1.128400087357    2.000000000000
   -0.210035085678    2.000000000000
    0.686674654484    2.000000000000
   -0.003297773190    2.000000000000
   -1.186641693115    2.000000000000
    0.547666311264    2.000000000000
    0.215777993202    2.000000000000
   -0.936101853848    2.000000000000
   -0.196174323559    2.000000000000
    0.884640514851    2.000000000000
   -3.213447570801    2.000000000000
    0.620210945606    2.000000000000
   -0.812317371368    2.000000000000
   -0.359984785318    2.000000000000
    1.492025256157    2.000000000000
   -0.975310146809    2.000000000000
   -2.697465419769    2.000000000000
    0.025770885870    2.000000000000
   -0.173963636160    2.000000000000
   -1.125252246857    2.000000000000
   -0.975175142288    2.000000000000
    1.916960954666    2.000000000000
   -0.391705393791    2.000000000000
   -0.184394791722    2.000000000000
    0.730046033859    2.000000000000
    0.781320869923    2.000000000000
   -0.734078764915    2.000000000000
   -1.179178714752    2.000000000000
   -1.294337987900    2.000000000000
    0.172865793109    2.000000000000
    0.743448853493    2.000000000000
   -1.168171882629    2.000000000000
   -0.556801676750    2.000000000000
   -0.599175155163    2.000000000000
    0.787029325962    2.000000000000
   -2.298809528351    2.000000000000
   -1.245285034180    2.000000000000
    1.131901502609    2.000000000000
    0.574631214142    2.000000000000
    0.019319035113    2.000000000000
    1.265051484108    2.000000000000
   -1.599874973297    2.000000000000
    0.084343835711    2.000000000000
    2.233420133591    2.000000000000
    1.160300970078    2.000000000000
    0.727414131165    2.000000000000
   -1.532060265541    2.000000000000
    0.368806689978    2.000000000000
    1.428194642067    2.000000000000
    1.406024098396    2.000000000000
    1.439052343369    2.000000000000
    0.495307892561    2.000000000000
    0.147931978106    2.000000000000
   -0.702696442604    2.000000000000
   -0.925669372082    2.000000000000
   -1.008187651634    2.000000000000
   -1.138000965118    2.000000000000
    0.089812822640    2.000000000000
    1.000857353210    2.000000000000
   -0.790992975235    2.000000000000
   -0.509049654007    2.000000000000
   -1.046516180038    2.000000000000
    1.460285186768    2.000000000000
    1.895093679428    2.000000000000
   -0.227342188358    2.000000000000
   -0.537262737751    2.000000000000
   -0.395486205816    2.000000000000
   -0.477856040001    2.000000000000
    0.301368802786    2.000000000000
   -1.842105746269    2.000000000000
    0.210295945406    2.000000000000
   -0.226211145520    2.000000000000
   -0.071764528751    2.000000000000
   -0.500256597996    2.000000000000
    0.844381928444    2.000000000000
   -0.090595304966    2.000000000000
    1.957257747650    2.000000000000
   -2.129812955856    2.000000000000
   -0.930489838123    2.000000000000
   -0.302184075117    2.000000000000
    0.145606756210    2.000000000000
    0.556061625481    2.000000000000
    0.639915466309    2.000000000000
   -1.449931502342    2.000000000000
    0.089674860239    2.000000000000
    0.104878202081    2.000000000000
    0.040502663702    2.000000000000
   -0.037017211318    2.000000000000
   -0.231164082885    2.000000000000
    0.116210155189    2.000000000000
   -0.553773581982    2.000000000000
   -0.097599968314    2.000000000000
   -0.821962594986    2.000000000000
    0.473524361849    2.000000000000
    0.030773784965    2.000000000000
    0.064422033727    2.000000000000
   -0.787758588791    2.000000000000
    0.130528017879    2.000000000000
    1.755205154419    2.000000000000
   -0.147313371301    2.000000000000
    0.512122452259    2.000000000000
   -1.665937066078    2.000000000000
   -0.072926640511    2.000000000000
    0.727543175220    2.000000000000
    0.162731692195    2.000000000000
   -0.488050341606    2.000000000000
    1.042111754417    2.000000000000
    0.122130542994    2.000000000000
    1.675236821175    2.000000000000
   -0.003212321782    2.000000000000
   -0.403415739536    2.000000000000
    1.621815204620    2.000000000000
   -0.932548940182    2.000000000000
   -0.246077239513    2.000000000000
   -0.287601441145    2.000000000000
    0.925215899944    2.000000000000
    0.595011472702    2.000000000000
    0.965490579605    2.000000000000
   -1.206567406654    2.000000000000
    3.255402326584    2.000000000000
    0.581691682339    2.000000000000
    0.287518680096    2.000000000000
   -0.487749159336    2.000000000000
    1.806580066681    2.000000000000
   -0.848814427853    2.000000000000
    0.064751416445    2.000000000000
    0.387891888618    2.000000000000
   -1.305148601532    2.000000000000
    0.463984131813    2.000000000000
   -0.414943754673    2.000000000000
    1.899650573730    2.000000000000
    0.513885855675    2.000000000000
   -3.962514638901    2.000000000000
   -2.621274709702    2.000000000000
   -1.112504124641    2.000000000000
   -2.406088590622    2.000000000000
   -1.193540334702    2.000000000000
    1.715433239937    2.000000000000
    0.286424696445    2.000000000000
    0.035604063421    2.000000000000
    0.133807346225    2.000000000000
   -0.264307230711    2.000000000000
   -0.328920811415    2.000000000000
    0.883112609386    2.000000000000
   -0.427123069763    2.000000000000
    1.448899388313    2.000000000000
   -0.675056576729    2.000000000000
    0.106770299375    2.000000000000
    0.288652390242    2.000000000000
    0.486305534840    2.000000000000
    1.037308812141    2.000000000000
    0.182438910007    2.000000000000
    0.453082293272    2.000000000000
    1.209139943123    2.000000000000
    0.203502416611    2.000000000000
   -0.345960468054    2.000000000000
   -0.209282681346    2.000000000000
    0.939418256283    2.000000000000
    0.519563972950    2.000000000000
    1.305490255356    2.000000000000
   -0.373201370239    2.000000000000
    0.039192754775    2.000000000000
   -1.085636138916    2.000000000000
    0.214555501938    2.000000000000
   -0.909529745579    2.000000000000
    0.574037253857    2.000000000000
    1.447773814201    2.000000000000
    1.301868319511    2.000000000000
    0.186368629336    2.000000000000
    1.242638111115    2.000000000000
    1.428866863251    2.000000000000
   -0.807917892933    2.000000000000
    0.556314527988    2.000000000000
   -0.773465633392    2.000000000000
    0.758624374866    2.000000000000
    1.096361398697    2.000000000000
    0.088500469923    2.000000000000
   -0.993576943874    2.000000000000
   -0.947466611862    2.000000000000
   -0.857933521271    2.000000000000
    0.932358741760    2.000000000000
    0.127111569047    2.000000000000
   -0.130429998040    2.000000000000
   -0.451404899359    2.000000000000
   -0.199163600802    2.000000000000
    1.350134849548    2.000000000000
   -0.553643822670    2.000000000000
    1.078666687012    2.000000000000
   -1.098499894142    2.000000000000
   -0.444826632738    2.000000000000
    0.713387846947    2.000000000000
    0.638613998890    2.000000000000
    0.381097823381    2.000000000000
   -0.188018158078    2.000000000000
    2.236490488052    2.000000000000
   -0.453533977270    2.000000000000
   -0.198358699679    2.000000000000
   -0.702604770660    2.000000000000
   -1.403489947319    2.000000000000
   -0.092092923820    2.000000000000
    0.301331549883    2.000000000000
   -1.219270944595    2.000000000000
   -0.864709436893    2.000000000000
   -0.216712430120    2.000000000000
   -0.036141209304    2.000000000000
   -0.841654121876    2.000000000000
   -0.637470066547    2.000000000000
   -0.184873029590    2.000000000000
    0.562588393688    2.000000000000
   -0.180370554328    2.000000000000
   -0.938790798187    2.000000000000
   -0.260076969862    2.000000000000
   -1.250488877296    2.000000000000
    1.550924301147    2.000000000000
    0.155203849077    2.000000000000
    1.744900226593    2.000000000000
    1.547460556030    2.000000000000
   -0.829582691193    2.000000000000
   -1.442635297775    2.000000000000
    1.025950431824    2.000000000000
    0.897269546986    2.000000000000
    0.733104467392    2.000000000000
   -1.105312705040    2.000000000000
    0.191127926111    2.000000000000
    0.012749779038    2.000000000000
   -0.267253518105    2.000000000000
   -0.083863407373    2.000000000000
   -1.433288812637    2.000000000000
    0.687384247780    2.000000000000
    0.429040998220    2.000000000000
   -1.587411046028    2.000000000000
   -0.537823915482    2.000000000000
   -1.064267754555    2.000000000000
    0.790959239006    2.000000000000
   -0.665599822998    2.000000000000
   -0.120271690190    2.000000000000
    0.423404127359    2.000000000000
   -0.294107198715    2.000000000000
    1.669561862946    2.000000000000
   -0.179408937693    2.000000000000
   -1.536696195602    2.000000000000
   -1.446074962616    2.000000000000
    0.039658855647    2.000000000000
    0.478017628193    2.000000000000
   -0.642686426640    2.000000000000
   -0.745464086533    2.000000000000
    2.441406250000    2.000000000000
   -1.278598427773    2.000000000000
   -0.395849764347    2.000000000000
   -1.648272156715    2.000000000000
   -0.425805985928    2.000000000000
    1.210815072060    2.000000000000
   -1.224515438080    2.000000000000
   -0.705658376217    2.000000000000
   -0.482992112637    2.000000000000
   -1.037201285362    2.000000000000
    0.419184058905    2.000000000000
    0.354711622000    2.000000000000
   -1.480441808701    2.000000000000
   -2.490285873413    2.000000000000
   -0.149468049407    2.000000000000
    0.904085516930    2.000000000000
   -0.400469571352    2.000000000000
    1.221306920052    2.000000000000
   -1.252229332924    2.000000000000
    1.539853811264    2.000000000000
    0.448197692633    2.000000000000
    1.211911082268    2.000000000000
    1.042570948601    2.000000000000
    0.278632551432    2.000000000000
    0.208752617240    2.000000000000
   -0.044489018619    2.000000000000
    0.620644509792    2.000000000000
    0.629316449165    2.000000000000
    1.625252008438    2.000000000000
   -0.090876355767    2.000000000000
   -1.100683093071    2.000000000000
   -2.188838243484    2.000000000000
   -0.638354003429    2.000000000000
   -0.089755579829    2.000000000000
   -0.374626904726    2.000000000000
    0.512506067753    2.000000000000
   -0.326036959887    2.000000000000
    0.110284596682    2.000000000000
   -1.395423889160    2.000000000000
   -0.278361916542    2.000000000000
   -0.164933070540    2.000000000000
   -0.860551178455    2.000000000000
    0.276459217072    2.000000000000
    1.457710027695    2.000000000000
   -0.580614089966    2.000000000000
    1.287214279175    2.000000000000
    0.933621764183    2.000000000000
    0.359748303890    2.000000000000
    1.263106465340    2.000000000000
   -1.707184553146    2.000000000000
   -1.379251003265    2.000000000000
    0.944629251957    2.000000000000
   -0.281525492668    2.000000000000
   -0.767118453979    2.000000000000
   -0.742429137230    2.000000000000
    0.869659245014    2.000000000000
   -0.021866919473    2.000000000000
    0.821813285351    2.000000000000
   -0.342140585184    2.000000000000
   -0.365757465363    2.000000000000
   -0.350074380636    2.000000000000
   -0.497507959604    2.000000000000
    0.337553530931    2.000000000000
   -0.150155574083    2.000000000000
    0.456321179867    2.000000000000
   -0.197046607733    2.000000000000
   -1.568242311478    2.000000000000
   -0.863814115524    2.000000000000
    0.082360632718    2.000000000000
   -0.062625549734    2.000000000000
    1.075881361961    2.000000000000
    0.989784419537    2.000000000000
    0.672797977924    2.000000000000
   -0.969708561897    2.000000000000
   -0.685030877590    2.000000000000
   -0.468059539795    2.000000000000
   -0.529376506805    2.000000000000
   -0.145990520716    2.000000000000
   -0.631521940231    2.000000000000
   -1.607758641243    2.000000000000
    0.216514527798    2.000000000000
    0.790474593639    2.000000000000
    0.643236696720    2.000000000000
   -0.900722205639    2.000000000000
    0.717182993889    2.000000000000
    0.703449368477    2.000000000000
    1.425331592560    2.000000000000
    0.399934709072    2.000000000000
   -1.176058053970    2.000000000000
   -0.561690211296    2.000000000000
    0.993273615837    2.000000000000
    0.105094708502    2.000000000000
   -0.397211521864    2.000000000000
    0.848123371601    2.000000000000
    1.435677766800    2.000000000000
   -0.712205886841    2.000000000000
    0.160142749548    2.000000000000
   -1.476004481316    2.000000000000
   -0.969636857510    2.000000000000
   -0.564053952694    2.000000000000
   -0.463819235563    2.000000000000
   -1.441854119301    2.000000000000
   -0.089508615434    2.000000000000
    0.118181556463    2.000000000000
   -0.534404695034    2.000000000000
    0.158377766609    2.000000000000
   -0.235156297684    2.000000000000
    0.980599582195    2.000000000000
   -1.897594451904    2.000000000000
    0.692196071148    2.000000000000
    1.553103566170    2.000000000000
    1.462521433830    2.000000000000
    1.536518096924    2.000000000000
   -0.059001199901    2.000000000000
   -1.003047585487    2.000000000000
    0.352174311876    2.000000000000
   -0.412338078022    2.000000000000
   -0.930631637573    2.000000000000
   -0.185496345162    2.000000000000
    0.206009969115    2.000000000000
   -1.121278643608    2.000000000000
   -2.188817024231    2.000000000000
    0.473541498184    2.000000000000
   -0.005779795814    2.000000000000
    0.135326489806    2.000000000000
    0.264396876097    2.000000000000
    1.981412053108    2.000000000000
    0.366962581873    2.000000000000
    2.123860120773    2.000000000000
    1.604413628578    2.000000000000
   -1.191549301147    2.000000000000
   -0.884234011173    2.000000000000
    0.807151138783    2.000000000000
    0.793761909008    2.000000000000
   -0.250668764114    2.000000000000
    1.533743023872    2.000000000000
   -0.720668852329    2.000000000000
    0.750915586948    2.000000000000
    1.114480257034    2.000000000000
   -0.441084891558    2.000000000000
   -0.239620238543    2.000000000000
   -0.775344491005    2.000000000000
    0.435600340366    2.000000000000
    0.606100976467    2.000000000000
    0.341543585062    2.000000000000
    0.664977550507    2.000000000000
   -1.775073528290    2.000000000000
    2.573677778244    2.000000000000
    0.560850083828    2.000000000000
    0.582899808884    2.000000000000
   -1.493611216545    2.000000000000
    1.044951677322    2.000000000000
   -0.184761792421    2.000000000000
    1.345004200935    2.000000000000
    0.487989485264    2.000000000000
    2.393075466156    2.000000000000
    1.143867969513    2.000000000000
    1.597025752068    2.000000000000
   -0.111081548035    2.000000000000
    1.750146269798    2.000000000000
    0.521774470806    2.000000000000
   -0.526906132698    2.000000000000
   -1.337045550346    2.000000000000
   -0.266721606255    2.000000000000
   -0.881365656853    2.000000000000
   -0.731384873390    2.000000000000
    1.761268734932    2.000000000000
    0.621027052402    2.000000000000
   -1.240179896355    2.000000000000
   -0.571336328983    2.000000000000
    1.382789731026    2.000000000000
   -1.538810372353    2.000000000000
   -0.932616174221    2.000000000000
   -0.794842183590    2.000000000000
    0.537324011326    2.000000000000
   -1.156686067581    2.000000000000
    0.734413385391    2.000000000000
    3.148036718369    2.000000000000
   -0.205138504505    2.000000000000
    0.224186390638    2.000000000000
    0.535480201244    2.000000000000
    2.965471744537    2.000000000000
   -0.395064860582    2.000000000000
   -0.116277337074    2.000000000000
    0.336863070726    2.000000000000
    1.221149921417    2.000000000000
   -0.295239657164    2.000000000000
    0.030818331987    2.000000000000
    0.463844895363    2.000000000000
   -1.832485198975    2.000000000000
   -1.011474251747    2.000000000000
    0.094227656722    2.000000000000
   -0.167789876461    2.000000000000
   -0.360198825598    2.000000000000
    0.653073132038    2.000000000000
    1.062638282776    2.000000000000
   -1.311459541321    2.000000000000
    0.913533568382    2.000000000000
   -0.180979296565    2.000000000000
   -0.371114015579    2.000000000000
    0.146028071642    2.000000000000
    0.414865612984    2.000000000000
   -0.574149847031    2.000000000000
   -1.803719520569    2.000000000000
    0.068846315145    2.000000000000
    0.872142136097    2.000000000000
    0.550021648407    2.000000000000
    0.291931629181    2.000000000000
    0.036880619824    2.000000000000
    0.836275219917    2.000000000000
   -0.537158668041    2.000000000000
    0.318903476000    2.000000000000
    1.407679200172    2.000000000000
   -0.969264090061    2.000000000000
   -1.543308734894    2.000000000000
   -0.829644143581    2.000000000000
   -0.753369569778    2.000000000000
   -0.300907433033    2.000000000000
    0.586921751499    2.000000000000
   -0.892634332180    2.000000000000
    0.575729250908    2.000000000000
   -0.974712967873    2.000000000000
   -1.090486049652    2.000000000000
    2.176886558533    2.000000000000
    0.093325406313    2.000000000000
    0.569754719734    2.000000000000
   -0.238981023431    2.000000000000
   -1.193597555161    2.000000000000
    0.658967792988    2.000000000000
    0.009734791704    2.000000000000
   -0.027466192842    2.000000000000
   -0.584631860256    2.000000000000
   -0.849194467068    2.000000000000
   -0.825817704201    2.000000000000
   -0.982518315315    2.000000000000
   -0.556859135628    2.000000000000
    0.296679556370    2.000000000000
   -0.689843595028    2.000000000000
    0.328488528728    2.000000000000
   -0.759336173534    2.000000000000
   -0.299426317215    2.000000000000
   -1.087247252464    2.000000000000
    0.617791712284    2.000000000000
    1.412659645081    2.000000000000
   -0.529991686344    2.000000000000
    1.393076419830    2.000000000000
   -1.978858351707    2.000000000000
   -1.252327084541    2.000000000000
    0.000295336853    2.000000000000
    0.555174708366    2.000000000000
   -0.265795618296    2.000000000000
    0.074654877186    2.000000000000
    0.348146200180    2.000000000000
   -1.352609515190    2.000000000000
    0.249213010073    2.000000000000
   -0.060774486512    2.000000000000
   -1.785638213158    2.000000000000
   -0.411715745926    2.000000000000
    0.383799284697    2.000000000000
    0.662779152393    2.000000000000
    1.293989658356    2.000000000000
    0.696919083595    2.000000000000
    0.212751582265    2.000000000000
    1.656110763550    2.000000000000
    0.453539431095    2.000000000000
   -0.848934292793    2.000000000000
    0.472476214170    2.000000000000
    0.413458228111    2.000000000000
    0.178757429123    2.000000000000
    0.327326536179    2.000000000000
   -2.604791879654    2.000000000000
   -1.505325078964    2.000000000000
    0.236020237207    2.000000000000
    0.239615529776    2.000000000000
    0.330085605383    2.000000000000
   -0.055964842439    2.000000000000
   -0.023639857769    2.000000000000
   -0.413528501987    2.000000000000
    0.766274333000    2.000000000000
   -0.094918929040    2.000000000000
    0.081779159606    2.000000000000
   -1.124253153801    2.000000000000
    2.503350973129    2.000000000000
   -0.467926114798    2.000000000000
   -1.547184109688    2.000000000000
   -0.118559300900    2.000000000000
   -1.533416271210    2.000000000000
   -0.986308693886    2.000000000000
   -0.183430314064    2.000000000000
   -0.276781797409    2.000000000000
    0.088275253773    2.000000000000
    0.116002708673    2.000000000000
   -0.462059378624    2.000000000000
   -0.271178930998    2.000000000000
   -0.981427192688    2.000000000000
    0.184239387512    2.000000000000
   -0.294944047928    2.000000000000
   -0.707102775574    2.000000000000
   -0.881009578705    2.000000000000
    0.500066399574    2.000000000000
   -0.060559220612    2.000000000000
   -0.010732265189    2.000000000000
   -0.226353898644    2.000000000000
    1.111438751221    2.000000000000
   -0.871990263462    2.000000000000
    0.284506320953    2.000000000000
    0.553239524364    2.000000000000
   -0.297081321478    2.000000000000
    0.387481868267    2.000000000000
    1.124475240707    2.000000000000
   -1.450261116028    2.000000000000
   -1.006222248077    2.000000000000
    1.947086453438    2.000000000000
   -0.530113458633    2.000000000000
   -1.012369155884    2.000000000000
   -1.293291568756    2.000000000000
   -1.346651315689    2.000000000000
    0.311120361090    2.000000000000
    0.623057007790    2.000000000000
    1.668204665184    2.000000000000
    1.117409586906    2.000000000000
    3.042276144028    2.000000000000
   -0.635970890522    2.000000000000
   -0.122625432909    2.000000000000
   -0.926813900471    2.000000000000
    1.007523894310    2.000000000000
    1.628820061684    2.000000000000
    0.241072431207    2.000000000000
   -0.322454243898    2.000000000000
   -0.528633356094    2.000000000000
    1.640387058258    2.000000000000
    0.412794083357    2.000000000000
   -0.664750993252    2.000000000000
   -0.520447790623    2.000000000000
    0.348868101835    2.000000000000
   -2.549054861069    2.000000000000
    0.002407711698    2.000000000000
   -0.254904270172    2.000000000000
   -1.119632363319    2.000000000000
   -0.969492554665    2.000000000000
    0.998710811138    2.000000000000
   -0.635382890701    2.000000000000
    0.441280275583    2.000000000000
    0.440077811480    2.000000000000
   -0.862313866615    2.000000000000
    3.497035264969    2.000000000000
    1.864168286324    2.000000000000
   -0.228214412928    2.000000000000
    0.142122939229    2.000000000000
    0.843174040318    2.000000000000
    0.666902840137    2.000000000000
   -0.401239365339    2.000000000000
   -0.191136702895    2.000000000000
    0.585259139538    2.000000000000
    1.391858935356    2.000000000000
    0.079611428082    2.000000000000
    0.083208292723    2.000000000000
    2.124633550644    2.000000000000
    0.215109482408    2.000000000000
    0.169993653893    2.000000000000
    1.471573948860    2.000000000000
    0.364888340235    2.000000000000
    0.658262789249    2.000000000000
   -0.087913274765    2.000000000000
   -0.443083018064    2.000000000000
    1.245333194733    2.000000000000
   -0.291479855776    2.000000000000
    2.663664817810    2.000000000000
    0.092122614384    2.000000000000
   -0.071536265314    2.000000000000
   -0.839205145836    2.000000000000
    1.123330712318    2.000000000000
   -0.444920599461    2.000000000000
   -1.358455538750    2.000000000000
    0.500836789608    2.000000000000
    0.830105841160    2.000000000000
   -0.628460228443    2.000000000000
   -1.204866290092    2.000000000000
   -0.752647936344    2.000000000000
    2.628020286560    2.000000000000
    0.248127460480    2.000000000000
    0.313019126654    2.000000000000
    0.094292931259    2.000000000000
   -0.719407141209    2.000000000000
    1.069414138794    2.000000000000
   -1.574664950371    2.000000000000
    0.429460465908    2.000000000000
   -0.617605566978    2.000000000000
    1.887552857399    2.000000000000
   -0.098927751184    2.000000000000
   -0.597277998924    2.000000000000
    0.287422716618    2.000000000000
   -0.893972754478    2.000000000000
   -0.301875799894    2.000000000000
   -0.152495950460    2.000000000000
   -0.305373281240    2.000000000000
   -0.633657574654    2.000000000000
    0.719308793545    2.000000000000
   -0.034965340048    2.000000000000
   -1.241396665573    2.000000000000
   -0.335020244122    2.000000000000
    1.582432985306    2.000000000000
   -0.027805032209    2.000000000000
   -1.318179011345    2.000000000000
    1.047165274620    2.000000000000
    0.620910108089    2.000000000000
    0.735592901707    2.000000000000
    0.423004239798    2.000000000000
   -0.094946891069    2.000000000000
    0.292997330427    2.000000000000
   -0.282814115286    2.000000000000
   -0.753227710724    2.000000000000
    2.526832103729    2.000000000000
    0.345651358366    2.000000000000
   -0.244269132614    2.000000000000
    0.597710251808    2.000000000000
   -0.588024556637    2.000000000000
    0.661162257195    2.000000000000
   -0.861591637135    2.000000000000
    0.309897929430    2.000000000000
    1.257503032684    2.000000000000
   -0.153900593519    2.000000000000
   -1.627372503281    2.000000000000
   -0.552691876888    2.000000000000
    0.476075649261    2.000000000000
   -0.542201459408    2.000000000000
    0.727002143860    2.000000000000
   -1.476401805878    2.000000000000
    0.073144093156    2.000000000000
   -0.757788240910    2.000000000000
   -0.243997484446    2.000000000000
    1.018829941750    2.000000000000
   -0.247994095087    2.000000000000
    0.258111327887    2.000000000000
    1.240734338760    2.000000000000
   -0.858642816544    2.000000000000
    1.555662512779    2.000000000000
   -0.040817588568    2.000000000000
   -1.306093692780    2.000000000000
    0.708022356033    2.000000000000
    0.394606530666    2.000000000000
    1.772671103477    2.000000000000
    0.466629147530    2.000000000000
    0.438018143177    2.000000000000
   -0.168322518468    2.000000000000
   -0.172120377421    2.000000000000
    0.423975408077    2.000000000000
   -1.494434237480    2.000000000000
   -0.342175513506    2.000000000000
    0.751052081585    2.000000000000
    0.589416384697    2.000000000000
    0.755420446396    2.000000000000
    1.194749474525    2.000000000000
   -1.390202045441    2.000000000000
    0.716852664948    2.000000000000
   -1.228258490562    2.000000000000
   -1.040974617004    2.000000000000
    1.430077195168    2.000000000000
   -1.141605257988    2.000000000000
    2.060016393661    2.000000000000
   -0.638855397701    2.000000000000
   -0.766568183899    2.000000000000
    0.996523141861    2.000000000000
   -1.120481014252    2.000000000000
    1.356802105904    2.000000000000
    0.014285689220    2.000000000000
   -0.859054923058    2.000000000000
    1.093971490860    2.000000000000
    0.840067327023    2.000000000000
   -0.544354557991    2.000000000000
   -1.092507600784    2.000000000000
    0.936755597591    2.000000000000
    0.404691338539    2.000000000000
   -0.652882456779    2.000000000000
   -1.163956403732    2.000000000000
   -0.742012739182    2.000000000000
    1.095290064812    2.000000000000
   -1.381247520447    2.000000000000
    1.018884778023    2.000000000000
    0.671412289143    2.000000000000
   -1.028364896774    2.000000000000
    0.536226034164    2.000000000000
    1.022719621658    2.000000000000
    0.857198655605    2.000000000000
    0.221818074584    2.000000000000
   -0.583462953568    2.000000000000
    0.755008161068    2.000000000000
   -1.316198706627    2.000000000000
    0.806228160858    2.000000000000
   -0.189321696758    2.000000000000
   -0.522693872452    2.000000000000
    1.500748276711    2.000000000000
   -1.736528277397    2.000000000000
   -0.007622822188    2.000000000000
   -0.696954071522    2.000000000000
   -0.617612838745    2.000000000000
    0.737261235714    2.000000000000
    0.433507233858    2.000000000000
   -1.366388559341    2.000000000000
   -2.095077037811    2.000000000000
   -0.349171906710    2.000000000000
    0.314635932446    2.000000000000
    0.431231707335    2.000000000000
    0.054581888020    2.000000000000
    0.982304275036    2.000000000000
   -1.291096091270    2.000000000000
    0.800147950649    2.000000000000
   -0.115853130817    2.000000000000
    0.526901423931    2.000000000000
   -0.442846685648    2.000000000000
   -0.297587871552    2.000000000000
   -1.271767616272    2.000000000000
    2.820530653000    2.000000000000
    1.606014370918    2.000000000000
   -0.607065081596    2.000000000000
   -1.770979404449    2.000000000000
   -1.135473012924    2.000000000000
    1.030460834503    2.000000000000
   -0.025259718299    2.000000000000
    1.489031791687    2.000000000000
   -0.019828572869    2.000000000000
   -2.033114194870    2.000000000000
   -0.984628438950    2.000000000000
   -0.858384430408    2.000000000000
   -0.323679506779    2.000000000000
    0.387409210205    2.000000000000
    0.167989164591    2.000000000000
    0.133471086621    2.000000000000
    0.220810368657    2.000000000000
   -0.129034310579    2.000000000000
   -1.211220502853    2.000000000000
   -1.399522542953    2.000000000000
   -0.477198690176    2.000000000000
   -0.016628766432    2.000000000000
   -0.017975078896    2.000000000000
    0.646798968315    2.000000000000
   -0.361913651228    2.000000000000
    1.032900452614    2.000000000000
   -1.949415087700    2.000000000000
   -0.212236434221    2.000000000000
   -0.452181130648    2.000000000000
    0.119554318488    2.000000000000
    0.444133430719    2.000000000000
   -0.100345604122    2.000000000000
    0.142444670200    2.000000000000
    0.852490186691    2.000000000000
   -0.584277749062    2.000000000000
   -1.556099176407    2.000000000000
    1.623573422432    2.000000000000
    0.750313341618    2.000000000000
    1.544275641441    2.000000000000
   -1.844687223434    2.000000000000
    0.440525084734    2.000000000000
   -1.165473341942    2.000000000000
   -0.261123120785    2.000000000000
    1.455670356750    2.000000000000
   -0.223119601607    2.000000000000
   -1.023705482483    2.000000000000
    0.181003630161    2.000000000000
   -1.502310276031    2.000000000000
    1.772352695465    2.000000000000
   -1.392613530159    2.000000000000
    0.544638395309    2.000000000000
   -0.825870454311    2.000000000000
   -0.707472681999    2.000000000000
   -1.496940612793    2.000000000000
    0.847639739513    2.000000000000
    0.087633207440    2.000000000000
   -0.826412916183    2.000000000000
    0.599687933922    2.000000000000
   -1.226656436920    2.000000000000
    0.160097852349    2.000000000000
    0.428871840239    2.000000000000
   -2.088961601257    2.000000000000
   -0.437248498201    2.000000000000
   -0.139754757285    2.000000000000
    0.639187097549    2.000000000000
    1.562373638153    2.000000000000
   -0.654009044170    2.000000000000
    1.339399814606    2.000000000000
    0.714321017265    2.000000000000
   -1.383631348610    2.000000000000
   -0.228618234396    2.000000000000
   -0.476990610361    2.000000000000
   -1.081329941750    2.000000000000
    0.064512863755    2.000000000000
    1.166123628616    2.000000000000
    0.388033062220    2.000000000000
    1.190040588379    2.000000000000
    0.521271407604    2.000000000000
    2.064588069916    2.000000000000
    0.309513062239    2.000000000000
   -0.483323663473    2.000000000000
    0.263835221529    2.000000000000
   -1.339624881744    2.000000000000
    0.196804359555    2.000000000000
    0.029044872150    2.000000000000
   -0.514671206474    2.000000000000
   -1.201690077782    2.000000000000
    0.358759909868    2.000000000000
    1.660832881927    2.000000000000
    1.841105461121    2.000000000000
   -0.130411386490    2.000000000000
    0.358316659927    2.000000000000
   -0.141277596354    2.000000000000
    0.878850400448    2.000000000000
   -0.203133627772    2.000000000000
   -0.370536059141    2.000000000000
   -1.183601737022    2.000000000000
    1.508932590485    2.000000000000
   -0.819780647755    2.000000000000
    0.638079702854    2.000000000000
    0.120010077953    2.000000000000
   -0.884326159954    2.000000000000
    0.155394434929    2.000000000000
   -1.746408939362    2.000000000000
   -0.950569927692    2.000000000000
    0.185155376792    2.000000000000
   -0.102674379945    2.000000000000
    0.845539391041    2.000000000000
    0.528821110725    2.000000000000
   -1.183876633644    2.000000000000
   -2.221973657608    2.000000000000
   -0.151737585664    2.000000000000
   -0.732167124748    2.000000000000
    1.810620665550    2.000000000000
    1.208291649818    2.000000000000
   -0.741068840027    2.000000000000
    0.555786132812    2.000000000000
    0.105937525630    2.000000000000
    2.788232326508    2.000000000000
   -1.779445290565    2.000000000000
   -1.422088742256    2.000000000000
    0.125191971660    2.000000000000
   -0.267799139023    2.000000000000
   -0.392118990421    2.000000000000
   -0.034954410046    2.000000000000
   -0.718809843063    2.000000000000
    0.677064001560    2.000000000000
    0.290962100029    2.000000000000
    1.631524682045    2.000000000000
   -0.845984935760    2.000000000000
    0.669010102749    2.000000000000
    1.331858396530    2.000000000000
    0.100620172918    2.000000000000
    0.102466799319    2.000000000000
   -0.332317113876    2.000000000000
    0.196351781487    2.000000000000
    0.311679095030    2.000000000000
    0.947264432907    2.000000000000
    0.178560897708    2.000000000000
    0.709493041039    2.000000000000
    1.693454146385    2.000000000000
    0.336262702942    2.000000000000
    1.795019388199    2.000000000000
   -0.764698922634    2.000000000000
   -0.727490186691    2.000000000000
   -1.088690519333    2.000000000000
    0.511349260807    2.000000000000
    0.824611783028    2.000000000000
    2.191132307053    2.000000000000
   -0.139679595828    2.000000000000
   -0.661261677742    2.000000000000
    0.043274383992    2.000000000000
    1.124019980431    2.000000000000
   -0.286017626524    2.000000000000
   -1.315870046616    2.000000000000
   -0.887762606144    2.000000000000
    1.140851736069    2.000000000000
    0.439777970314    2.000000000000
    1.042570352554    2.000000000000
   -2.946877241135    2.000000000000
   -1.021412730217    2.000000000000
   -2.135914564133    2.000000000000
    0.711334764957    2.000000000000
    1.043325424194    2.000000000000
   -1.077214717865    2.000000000000
   -1.034595489502    2.000000000000
