   -0.794831812382    1.000000000000
    0.472540915012    1.000000000000
   -1.069855213165    1.000000000000
    0.568412363529    1.000000000000
   -0.895336806774    1.000000000000
    1.813863158226    1.000000000000
    0.357169181108    1.000000000000
    1.345898509026    1.000000000000
   -0.014697815292    1.000000000000
    1.207026481628    1.000000000000
    0.625520944595    1.000000000000
    0.396013647318    1.000000000000
    1.086090207100    1.000000000000
    0.650982081890    1.000000000000
    0.243617296219    1.000000000000
   -0.324230909348    1.000000000000
    2.408008337021    1.000000000000
   -0.330245673656    1.000000000000
    0.367171704769    1.000000000000
    0.867835402489    1.000000000000
   -1.323426604271    1.000000000000
    0.099308751523    1.000000000000
   -1.544120430946    1.000000000000
    0.627459466457    1.000000000000
   -0.048384509981    1.000000000000
    0.692401528358    1.000000000000
    0.425882369280    1.000000000000
   -0.052312456071    1.000000000000
    0.403133958578    1.000000000000
    0.666868507862    1.000000000000
    0.884040892124    1.000000000000
    0.910237550735    1.000000000000
    0.210811287165    1.000000000000
    0.134490028024    1.000000000000
   -1.629848361015    1.000000000000
   -0.771707773209    1.000000000000
    0.116315588355    1.000000000000
    0.188148036599    1.000000000000
    0.557116150856    1.000000000000
    0.695522487164    1.000000000000
    0.424091458321    1.000000000000
   -0.515808165073    1.000000000000
    1.621565341949    1.000000000000
   -2.012052059174    1.000000000000
    1.480990052223    1.000000000000
   -1.049685001373    1.000000000000
   -1.704493045807    1.000000000000
    1.811724543571    1.000000000000
   -0.312660753727    1.000000000000
    1.192844867706    1.000000000000
   -0.002703014994    1.000000000000
   -0.523202478886    1.000000000000
    1.091431260109    1.000000000000
   -0.339159131050    1.000000000000
    0.557135283947    1.000000000000
   -0.163886889815    1.000000000000
    1.341261148453    1.000000000000
   -1.065769553185    1.000000000000
   -0.761719107628    1.000000000000
   -0.727155864239    1.000000000000
   -0.507293522358    1.000000000000
   -0.307294100523    1.000000000000
   -2.571320533752    1.000000000000
   -0.143366724253    1.000000000000
    0.942622363567    1.000000000000
   -0.963913917542    1.000000000000
   -0.419232875109    1.000000000000
   -0.754334986210    1.000000000000
    0.020415836945    1.000000000000
    0.876268029213    1.000000000000
    1.076482176781    1.000000000000
    0.541110813618    1.000000000000
   -0.332402795553    1.000000000000
    0.195558786392    1.000000000000
    0.163566723466    1.000000000000
    0.421388804913    1.000000000000
   -1.040356636047    1.000000000000
    0.916697561741    1.000000000000
   -0.199957743287    1.000000000000
   -0.332766771317    1.000000000000
   -1.015759587288    1.000000000000
    0.811816215515    1.000000000000
    1.022792339325    1.000000000000
    0.911267459393    1.000000000000
    1.785419940948    1.000000000000
    2.173799991608    1.000000000000
   -1.145501255989    1.000000000000
   -0.241357192397    1.000000000000
   -1.499355316162    1.000000000000
    0.435066282749    1.000000000000
   -1.286330580711    1.000000000000
    2.420736551285    1.000000000000
   -0.279025882483    1.000000000000
    1.506158590317    1.000000000000
    0.394385427237    1.000000000000
    1.975609660149    1.000000000000
    0.269171983004    1.000000000000
   -0.757554113865    1.000000000000
   -0.651746094227    1.000000000000
   -1.442322492599    1.000000000000
    0.804598748684    1.000000000000
    0.964431464672    1.000000000000
    0.388997703791    1.000000000000
   -0.744194984436    1.000000000000
   -0.263159722090    1.000000000000
    0.589294373989    1.000000000000
    0.947985112667    1.000000000000
    0.223019599915    1.000000000000
   -2.188328742981    1.000000000000
    0.267633020878    1.000000000000
    0.422713637352    1.000000000000
    0.795239806175    1.000000000000
   -1.559430956841    1.000000000000
    0.665218532085    1.000000000000
   -0.071616932750    1.000000000000
    0.780210375786    1.000000000000
    0.724998235703    1.000000000000
   -0.882791996002    1.000000000000
    1.707526803017    1.000000000000
   -0.544470667839    1.000000000000
    0.097830243409    1.000000000000
   -0.969484567642    1.000000000000
    0.860343635082    1.000000000000
    0.108821310103    1.000000000000
    0.797078549862    1.000000000000
   -0.066097132862    1.000000000000
    0.927492558956    1.000000000000
    1.176365733147    1.000000000000
   -1.264458298683    1.000000000000
   -1.143070697784    1.000000000000
   -0.501022815704    1.000000000000
    0.949676454067    1.000000000000
    0.740583777428    1.000000000000
    0.455021589994    1.000000000000
   -0.095792338252    1.000000000000
   -0.267218440771    1.000000000000
    0.076470270753    1.000000000000
    1.060920476913    1.000000000000
   -0.480091601610    1.000000000000
    0.687783002853    1.000000000000
    0.139524444938    1.000000000000
    0.157524958253    1.000000000000
    0.204517766833    1.000000000000
    0.271434098482    1.000000000000
    0.828592061996    1.000000000000
    0.466924488544    1.000000000000
   -0.349058985710    1.000000000000
    0.021724097431    1.000000000000
    0.213786557317    1.000000000000
   -0.193073898554    1.000000000000
   -0.890715658665    1.000000000000
   -0.117691755295    1.000000000000
    0.481691211462    1.000000000000
   -0.527275860310    1.000000000000
   -0.196732595563    1.000000000000
    1.205632448196    1.000000000000
   -1.633221030235    1.000000000000
   -1.348944544792    1.000000000000
    0.318214207888    1.000000000000
   -0.339673757553    1.000000000000
   -1.485915184021    1.000000000000
    0.698162555695    1.000000000000
   -1.488318681717    1.000000000000
    0.341709464788    1.000000000000
    1.600856900215    1.000000000000
   -0.811709821224    1.000000000000
   -0.815975844860    1.000000000000
    0.490240395069    1.000000000000
    0.945105373859    1.000000000000
    1.039659023285    1.000000000000
   -1.414757847786    1.000000000000
   -1.468881011009    1.000000000000
   -0.349993675947    1.000000000000
    1.845587253571    1.000000000000
   -0.080943547189    1.000000000000
    1.016273736954    1.000000000000
   -1.139583230019    1.000000000000
    0.466819375753    1.000000000000
   -0.978195369244    1.000000000000
    0.590179026127    1.000000000000
    0.059202000499    1.000000000000
   -0.128376647830    1.000000000000
    0.004981967621    1.000000000000
   -1.763921618462    1.000000000000
   -0.479841589928    1.000000000000
   -2.229124069214    1.000000000000
    0.627277553082    1.000000000000
   -0.136273443699    1.000000000000
    0.700099110603    1.000000000000
   -0.862359583378    1.000000000000
   -2.182442903519    1.000000000000
    0.145357802510    1.000000000000
   -0.277899920940    1.000000000000
   -0.318171501160    1.000000000000
    0.922527492046    1.000000000000
    2.007404327393    1.000000000000
    0.128932490945    1.000000000000
    0.051026266068    1.000000000000
   -1.426792025566    1.000000000000
   -0.585543155670    1.000000000000
   -0.450280994177    1.000000000000
    0.816108345985    1.000000000000
    0.498788028955    1.000000000000
   -0.888049185276    1.000000000000
   -0.297705054283    1.000000000000
    0.997438848019    1.000000000000
    0.248057246208    1.000000000000
    2.046119689941    1.000000000000
    0.628638863564    1.000000000000
    1.433157682419    1.000000000000
    1.265595078468    1.000000000000
   -0.696494519711    1.000000000000
   -0.277082562447    1.000000000000
    0.437505692244    1.000000000000
    0.371620833874    1.000000000000
    0.467590808868    1.000000000000
   -1.026301383972    1.000000000000
    0.455854535103    1.000000000000
   -2.481139183044    1.000000000000
   -1.524771571159    1.000000000000
    0.248212054372    1.000000000000
    0.521308779716    1.000000000000
   -0.508060872555    1.000000000000
    1.969604253769    1.000000000000
    0.210655778646    1.000000000000
   -0.420713067055    1.000000000000
   -1.948000192642    1.000000000000
    0.759467422962    1.000000000000
    1.964516758919    1.000000000000
    2.052530527115    1.000000000000
   -0.109440453351    1.000000000000
    1.735771417618    1.000000000000
    0.340155810118    1.000000000000
   -0.942209005356    1.000000000000
    0.430337369442    1.000000000000
    1.978086948395    1.000000000000
    0.668977379799    1.000000000000
    1.363241791725    1.000000000000
   -1.263974070549    1.000000000000
    0.439724951982    1.000000000000
    1.892216682434    1.000000000000
   -1.254006505013    1.000000000000
   -0.858078956604    1.000000000000
   -0.856910169125    1.000000000000
   -0.169008791447    1.000000000000
   -0.826092123985    1.000000000000
   -0.307414114475    1.000000000000
    0.338495433331    1.000000000000
    0.451879531145    1.000000000000
   -0.974514484406    1.000000000000
   -0.037163257599    1.000000000000
   -0.243498593569    1.000000000000
   -1.202364802361    1.000000000000
    1.183701872826    1.000000000000
   -1.771745085716    1.000000000000
    0.217610090971    1.000000000000
   -1.514905571938    1.000000000000
   -0.451991170645    1.000000000000
    0.263510882854    1.000000000000
   -1.114313721657    1.000000000000
    1.614892005920    1.000000000000
    1.231909036636    1.000000000000
   -0.448820114136    1.000000000000
    1.522494912148    1.000000000000
    1.845798373222    1.000000000000
   -1.224066972733    1.000000000000
   -0.632795035839    1.000000000000
    1.788647413254    1.000000000000
   -0.710165679455    1.000000000000
   -0.222569450736    1.000000000000
    1.156314373016    1.000000000000
    0.657969355583    1.000000000000
   -0.502090990543    1.000000000000
   -0.130284205079    1.000000000000
   -0.225773259997    1.000000000000
    1.364650011063    1.000000000000
   -0.664790689945    1.000000000000
    0.253224492073    1.000000000000
    0.755541205406    1.000000000000
    0.362476080656    1.000000000000
    1.194052934647    1.000000000000
    0.715437650681    1.000000000000
   -0.284247308969    1.000000000000
   -0.952863395214    1.000000000000
    1.767315745354    1.000000000000
    0.804145097733    1.000000000000
    1.160243868828    1.000000000000
   -1.344865083694    1.000000000000
   -0.788613259792    1.000000000000
   -0.153211280704    1.000000000000
   -0.094807356596    1.000000000000
    2.469484806061    1.000000000000
   -0.723976731300    1.000000000000
   -0.401163071394    1.000000000000
    0.683112680912    1.000000000000
   -0.411536693573    1.000000000000
    0.327564626932    1.000000000000
    0.049269333482    1.000000000000
    0.022974021733    1.000000000000
    0.999043107033    1.000000000000
    0.112956613302    1.000000000000
   -0.047841943800    1.000000000000
    0.932847917080    1.000000000000
   -1.201032996178    1.000000000000
   -0.904426455498    1.000000000000
   -1.188631296158    1.000000000000
    1.028632879257    1.000000000000
    0.968756794930    1.000000000000
    1.576954960823    1.000000000000
    0.450303554535    1.000000000000
    1.066019058228    1.000000000000
   -0.038068033755    1.000000000000
   -0.214908450842    1.000000000000
   -0.053928606212    1.000000000000
    0.822903156281    1.000000000000
    1.098953604698    1.000000000000
   -0.083566069603    1.000000000000
    0.354526698589    1.000000000000
    0.109689392149    1.000000000000
    0.308397948742    1.000000000000
   -1.050963640213    1.000000000000
   -0.789173305035    1.000000000000
   -1.688246965408    1.000000000000
   -0.126198962331    1.000000000000
   -1.555316090584    1.000000000000
   -0.279840290546    1.000000000000
    1.608554720879    1.000000000000
    0.409144103527    1.000000000000
    1.526736259460    1.000000000000
    0.239095643163    1.000000000000
   -2.016308307648    1.000000000000
    0.262437343597    1.000000000000
    1.228819489479    1.000000000000
    1.825073599815    1.000000000000
   -3.452768802643    1.000000000000
   -0.253750741482    1.000000000000
   -0.014482476749    1.000000000000
   -0.552749693394    1.000000000000
    0.924916207790    1.000000000000
   -0.825637221336    1.000000000000
   -1.765820503235    1.000000000000
    0.295427888632    1.000000000000
    0.245240911841    1.000000000000
   -1.114156723022    1.000000000000
   -0.743406951427    1.000000000000
    0.881590127945    1.000000000000
    1.583385229111    1.000000000000
   -1.478907942772    1.000000000000
    0.339364290237    1.000000000000
   -0.408350586891    1.000000000000
    0.312269926071    1.000000000000
   -0.608029007912    1.000000000000
    2.740078210831    1.000000000000
    1.013975501060    1.000000000000
    0.264701724052    1.000000000000
   -0.208116799593    1.000000000000
   -1.036677479744    1.000000000000
    0.923807024956    1.000000000000
    0.056758265942    1.000000000000
    2.055165052414    1.000000000000
    0.729127585888    1.000000000000
    0.057967260480    1.000000000000
   -0.199143990874    1.000000000000
    0.877812266350    1.000000000000
    0.672620415688    1.000000000000
    0.303688913584    1.000000000000
   -0.187127098441    1.000000000000
   -0.475787997246    1.000000000000
   -1.763471722603    1.000000000000
   -0.035716425627    1.000000000000
   -1.533616185188    1.000000000000
   -0.577554821968    1.000000000000
   -1.693278193474    1.000000000000
    0.449955850840    1.000000000000
   -2.366797208786    1.000000000000
   -1.773810982704    1.000000000000
    1.372761130333    1.000000000000
    0.226562529802    1.000000000000
    0.418608546257    1.000000000000
   -1.678558468819    1.000000000000
    0.612030446529    1.000000000000
   -0.960802257061    1.000000000000
    1.264835596085    1.000000000000
    1.125320434570    1.000000000000
    0.792647898197    1.000000000000
   -0.588609755039    1.000000000000
   -1.676476597786    1.000000000000
    0.491991072893    1.000000000000
   -0.051830004901    1.000000000000
    1.142165899277    1.000000000000
   -1.282665967941    1.000000000000
   -0.614984154701    1.000000000000
   -1.166763901711    1.000000000000
   -0.395430266857    1.000000000000
    0.850666165352    1.000000000000
   -1.120323896408    1.000000000000
   -0.449594050646    1.000000000000
    2.662137508392    1.000000000000
   -1.227163195610    1.000000000000
   -0.223759531975    1.000000000000
    2.993960380554    1.000000000000
    0.038274012506    1.000000000000
    1.496421933174    1.000000000000
   -0.411089956760    1.000000000000
   -2.181043386459    1.000000000000
   -1.218176722527    1.000000000000
   -0.816440224648    1.000000000000
   -0.754023849964    1.000000000000
   -1.898780941963    1.000000000000
   -2.206462621689    1.000000000000
   -0.260734707117    1.000000000000
   -0.321732938290    1.000000000000
   -0.615578711033    1.000000000000
   -0.957583844662    1.000000000000
   -2.081747770309    1.000000000000
    0.941945672035    1.000000000000
   -1.172417163849    1.000000000000
    0.316393971443    1.000000000000
    0.176284790039    1.000000000000
   -0.135678693652    1.000000000000
    1.152368187904    1.000000000000
   -1.600275039673    1.000000000000
   -0.252055317163    1.000000000000
   -0.583723485470    1.000000000000
   -0.371844738722    1.000000000000
   -0.395931392908    1.000000000000
    0.674793899059    1.000000000000
   -1.213019609451    1.000000000000
   -2.223812341690    1.000000000000
   -0.885881185532    1.000000000000
   -0.205113843083    1.000000000000
    0.346666723490    1.000000000000
   -0.262671768665    1.000000000000
    1.807584047318    1.000000000000
   -0.825896143913    1.000000000000
   -1.216106414795    1.000000000000
   -0.547885894775    1.000000000000
    0.406164407730    1.000000000000
    0.068598434329    1.000000000000
   -1.118689417839    1.000000000000
    0.620915830135    1.000000000000
    0.584195494652    1.000000000000
    0.536089003086    1.000000000000
   -0.948137521744    1.000000000000
   -0.091844320297    1.000000000000
   -1.618203520775    1.000000000000
   -0.294121772051    1.000000000000
   -1.418980121613    1.000000000000
    0.106165841222    1.000000000000
    1.960320234299    1.000000000000
   -1.329554319382    1.000000000000
   -1.499021530151    1.000000000000
   -0.705875217915    1.000000000000
   -2.337869882584    1.000000000000
    1.031342267990    1.000000000000
   -1.454781770706    1.000000000000
   -1.450424790382    1.000000000000
   -0.559419155121    1.000000000000
    0.725953578949    1.000000000000
    0.758989572525    1.000000000000
   -0.210159122944    1.000000000000
    0.457242459059    1.000000000000
   -1.000481605530    1.000000000000
    1.158836603165    1.000000000000
   -0.993820369244    1.000000000000
    0.764501631260    1.000000000000
   -0.433623611927    1.000000000000
    0.330153018236    1.000000000000
   -0.813741683960    1.000000000000
    1.036405801773    1.000000000000
    0.427889853716    1.000000000000
   -0.024517195299    1.000000000000
    0.293145656586    1.000000000000
    1.019196867943    1.000000000000
   -0.192173570395    1.000000000000
   -0.374840945005    1.000000000000
   -0.627389550209    1.000000000000
   -0.232187718153    1.000000000000
   -0.971198558807    1.000000000000
   -0.335990190506    1.000000000000
    1.183433055878    1.000000000000
   -1.515216946602    1.000000000000
    0.877409100533    1.000000000000
   -0.466026633978    1.000000000000
   -0.579170405865    1.000000000000
   -0.689517378807    1.000000000000
   -0.251065701246    1.000000000000
    0.751002788544    1.000000000000
   -0.015525627881    1.000000000000
   -0.907679557800    1.000000000000
   -0.701286971569    1.000000000000
   -0.206679567695    1.000000000000
    0.046390015632    1.000000000000
    0.783903241158    1.000000000000
    0.581136167049    1.000000000000
   -0.975969851017    1.000000000000
   -0.640000939369    1.000000000000
   -1.472962021828    1.000000000000
   -0.796850562096    1.000000000000
   -0.814477980137    1.000000000000
   -0.567355930805    1.000000000000
    0.731385529041    1.000000000000
    0.188564762473    1.000000000000
    1.728094458580    1.000000000000
    0.519832074642    1.000000000000
   -1.086113929749    1.000000000000
   -1.457800149918    1.000000000000
    1.646166801453    1.000000000000
   -0.031484469771    1.000000000000
    0.779665768147    1.000000000000
    0.413828879595    1.000000000000
    1.100725054741    1.000000000000
    1.303403019905    1.000000000000
    2.094522953033    1.000000000000
   -1.065094709396    1.000000000000
   -0.973862588406    1.000000000000
   -0.591921269894    1.000000000000
    1.114553928375    1.000000000000
    0.834004759789    1.000000000000
   -0.213851734996    1.000000000000
    0.353797405958    1.000000000000
   -0.295535475016    1.000000000000
    1.033142924309    1.000000000000
    0.892484545708    1.000000000000
    0.435768365860    1.000000000000
   -0.011137035675    1.000000000000
    0.480213701725    1.000000000000
   -0.297185719013    1.000000000000
    0.779713273048    1.000000000000
    0.286942183971    1.000000000000
   -1.300580978394    1.000000000000
    1.460565447807    1.000000000000
    0.541437923908    1.000000000000
    0.974527478218    1.000000000000
    1.658311724663    1.000000000000
    0.648229360580    1.000000000000
   -0.180810481310    1.000000000000
   -0.812190055847    1.000000000000
   -1.129974365234    1.000000000000
   -0.952042996883    1.000000000000
   -0.000390937814    1.000000000000
    0.256062477827    1.000000000000
   -1.200737833977    1.000000000000
    1.349626421928    1.000000000000
    0.638989388943    1.000000000000
    1.354407429695    1.000000000000
    1.621759653091    1.000000000000
   -1.282644271851    1.000000000000
    0.308947265148    1.000000000000
   -0.382960051298    1.000000000000
    0.044001609087    1.000000000000
    1.457183957100    1.000000000000
   -1.449655175209    1.000000000000
    1.640671610832    1.000000000000
   -0.306481331587    1.000000000000
   -1.276114225388    1.000000000000
    2.130849599838    1.000000000000
   -0.505900800228    1.000000000000
   -0.621300995350    1.000000000000
   -0.713051617146    1.000000000000
    0.575206756592    1.000000000000
   -0.189239129424    1.000000000000
    0.660030961037    1.000000000000
   -0.252903461456    1.000000000000
   -0.367626368999    1.000000000000
    0.521739602089    1.000000000000
    0.426186412573    1.000000000000
    0.241842269897    1.000000000000
   -0.135502159595    1.000000000000
    0.102345399559    1.000000000000
    0.201486125588    1.000000000000
    1.590647935867    1.000000000000
    0.698515474796    1.000000000000
    1.143120765686    1.000000000000
   -0.460666447878    1.000000000000
   -1.493933439255    1.000000000000
    2.282892227173    1.000000000000
   -0.114703297615    1.000000000000
   -0.379307955503    1.000000000000
   -0.852054893970    1.000000000000
    0.104308262467    1.000000000000
   -0.674819767475    1.000000000000
    0.243373796344    1.000000000000
    0.754936695099    1.000000000000
    0.907907903194    1.000000000000
    0.980225741863    1.000000000000
    0.594263732433    1.000000000000
   -0.558847427368    1.000000000000
    2.296651601791    1.000000000000
   -2.022365570068    1.000000000000
   -1.016955733299    1.000000000000
   -0.709648430347    1.000000000000
   -1.486296653748    1.000000000000
    0.240582540631    1.000000000000
    0.323955088854    1.000000000000
   -1.768122553825    1.000000000000
   -1.355048179626    1.000000000000
    1.108946442604    1.000000000000
   -2.619109630585    1.000000000000
    0.061854839325    1.000000000000
   -0.267960667610    1.000000000000
   -1.134854555130    1.000000000000
    0.242039501667    1.000000000000
   -0.803843379021    1.000000000000
    0.655140995979    1.000000000000
    0.389964640141    1.000000000000
    0.217621833086    1.000000000000
   -0.030564378947    1.000000000000
   -1.165763020515    1.000000000000
   -0.512858450413    1.000000000000
   -0.652760207653    1.000000000000
    0.570666730404    1.000000000000
   -1.487047076225    1.000000000000
   -0.227779760957    1.000000000000
    0.178838178515    1.000000000000
    0.116214573383    1.000000000000
    1.732020258904    1.000000000000
    0.207070708275    1.000000000000
   -0.119196102023    1.000000000000
    0.075258530676    1.000000000000
   -0.046248976141    1.000000000000
    0.935086309910    1.000000000000
    0.927171766758    1.000000000000
   -0.916642427444    1.000000000000
    1.647175669670    1.000000000000
   -0.565081715584    1.000000000000
   -1.454823851585    1.000000000000
   -1.895883083344    1.000000000000
    0.562984526157    1.000000000000
    0.441267967224    1.000000000000
   -0.342281371355    1.000000000000
    2.682468414307    1.000000000000
   -0.926030099392    1.000000000000
   -0.581894040108    1.000000000000
   -1.326082825661    1.000000000000
    1.220239758492    1.000000000000
   -0.817843616009    1.000000000000
   -0.520435154438    1.000000000000
    1.272618055344    1.000000000000
    0.481814593077    1.000000000000
   -0.793732821941    1.000000000000
    0.917255282402    1.000000000000
   -0.340529739857    1.000000000000
    0.203411117196    1.000000000000
    0.165463313460    1.000000000000
    0.764423489571    1.000000000000
   -0.738279283047    1.000000000000
    0.216255202889    1.000000000000
    0.134379327297    1.000000000000
   -0.087721846998    1.000000000000
   -0.018372664228    1.000000000000
    0.946485161781    1.000000000000
   -0.474381834269    1.000000000000
   -0.174182906747    1.000000000000
   -0.274997502565    1.000000000000
    0.452120035887    1.000000000000
   -1.033980965614    1.000000000000
    0.622527480125    1.000000000000
   -1.094850540161    1.000000000000
   -0.194875642657    1.000000000000
   -0.171712294221    1.000000000000
    0.246832504869    1.000000000000
   -0.808312594891    1.000000000000
    0.266226351261    1.000000000000
    0.716038525105    1.000000000000
   -1.746460556984    1.000000000000
    0.171143040061    1.000000000000
   -0.590229928493    1.000000000000
    1.485182523727    1.000000000000
   -0.615703880787    1.000000000000
    1.170896768570    1.000000000000
   -0.069494612515    1.000000000000
   -0.189388975501    1.000000000000
   -0.089513227344    1.000000000000
    0.240430921316    1.000000000000
    1.201447248459    1.000000000000
   -1.946304917336    1.000000000000
   -0.219664588571    1.000000000000
    0.246044293046    1.000000000000
   -1.040881395340    1.000000000000
    0.398926109076    1.000000000000
    0.470115721226    1.000000000000
   -1.167070150375    1.000000000000
   -0.871468722820    1.000000000000
    1.049230575562    1.000000000000
   -1.851962804794    1.000000000000
    1.411048650742    1.000000000000
    1.898676872253    1.000000000000
    1.397808074951    1.000000000000
   -0.311106771231    1.000000000000
    0.323730349541    1.000000000000
   -0.893259406090    1.000000000000
    0.174795195460    1.000000000000
    0.865066289902    1.000000000000
   -0.748259365559    1.000000000000
   -0.808036088943    1.000000000000
   -1.564509749413    1.000000000000
   -0.311618775129    1.000000000000
    0.725745260715    1.000000000000
   -0.998198568821    1.000000000000
    0.323736131191    1.000000000000
   -0.712344527245    1.000000000000
    0.175460860133    1.000000000000
   -0.104379907250    1.000000000000
   -1.478961586952    1.000000000000
   -0.243369266391    1.000000000000
   -1.699506759644    1.000000000000
    0.873814165592    1.000000000000
    0.172655925155    1.000000000000
   -1.187866926193    1.000000000000
   -0.112813234329    1.000000000000
    1.502842068672    1.000000000000
   -0.094432175159    1.000000000000
   -0.663970530033    1.000000000000
    0.355616599321    1.000000000000
    0.183694943786    1.000000000000
    0.397451251745    1.000000000000
   -0.606852889061    1.000000000000
   -0.758032619953    1.000000000000
   -0.296375751495    1.000000000000
   -0.025797899812    1.000000000000
    0.553529560566    1.000000000000
    0.356209188700    1.000000000000
   -0.593659043312    1.000000000000
   -0.913792729378    1.000000000000
    0.110086038709    1.000000000000
   -0.250671982765    1.000000000000
    0.290701836348    1.000000000000
    1.292294502258    1.000000000000
   -0.623773813248    1.000000000000
   -0.930520057678    1.000000000000
    1.689581751823    1.000000000000
    0.660344541073    1.000000000000
    0.867612719536    1.000000000000
   -0.942184507847    1.000000000000
   -1.570206284523    1.000000000000
    0.826576888561    1.000000000000
   -0.388043165207    1.000000000000
    1.637143135071    1.000000000000
   -0.236008927226    1.000000000000
   -0.295924603939    1.000000000000
    0.775202035904    1.000000000000
   -0.865511059761    1.000000000000
    0.750396966934    1.000000000000
    0.740286886692    1.000000000000
   -1.244693398476    1.000000000000
   -2.741671085358    1.000000000000
    2.111340284348    1.000000000000
   -0.569128453732    1.000000000000
    1.531763195992    1.000000000000
   -2.001588344574    1.000000000000
    1.561008930206    1.000000000000
   -0.104307182133    1.000000000000
    0.186271801591    1.000000000000
   -0.515569567680    1.000000000000
    0.176979064941    1.000000000000
    1.266513228416    1.000000000000
   -0.015090296045    1.000000000000
    0.830176889896    1.000000000000
   -0.064167365432    1.000000000000
    1.183537960052    1.000000000000
   -0.690407454967    1.000000000000
    0.245589226484    1.000000000000
   -1.945366144180    1.000000000000
    0.289228379726    1.000000000000
    0.385878652334    1.000000000000
    0.474183350801    1.000000000000
   -0.121798671782    1.000000000000
   -1.872948408127    1.000000000000
    1.906350970268    1.000000000000
    0.069790460169    1.000000000000
    0.346878796816    1.000000000000
    0.512741327286    1.000000000000
   -0.378845244646    1.000000000000
    0.020960904658    1.000000000000
   -0.549006998539    1.000000000000
   -0.839348495007    1.000000000000
    0.485345989466    1.000000000000
   -0.833535432816    1.000000000000
    1.492149233818    1.000000000000
   -0.311693519354    1.000000000000
    1.188773989677    1.000000000000
   -0.432204723358    1.000000000000
    0.591081380844    1.000000000000
   -1.139869809151    1.000000000000
    1.601691842079    1.000000000000
    1.295989036560    1.000000000000
   -0.413217335939    1.000000000000
    0.017510378733    1.000000000000
    1.324138641357    1.000000000000
   -0.582659363747    1.000000000000
   -2.096207618713    1.000000000000
    1.167814493179    1.000000000000
   -0.656198740005    1.000000000000
   -1.045141935349    1.000000000000
   -1.462774276733    1.000000000000
   -1.408287644386    1.000000000000
   -0.102367565036    1.000000000000
   -0.332244068384    1.000000000000
   -1.537434935570    1.000000000000
   -1.710099697113    1.000000000000
    1.135734677315    1.000000000000
    0.641167759895    1.000000000000
   -0.708474993706    1.000000000000
    0.005921319593    1.000000000000
   -0.495802700520    1.000000000000
   -0.230862870812    1.000000000000
   -1.176254391670    1.000000000000
    2.381567478180    1.000000000000
    0.192144125700    1.000000000000
   -0.942336738110    1.000000000000
   -0.457600057125    1.000000000000
    0.609469592571    1.000000000000
   -1.178096055984    1.000000000000
    0.827635288239    1.000000000000
   -0.677650690079    1.000000000000
    1.628672719002    1.000000000000
    1.123968362808    1.000000000000
    0.096486933529    1.000000000000
   -0.812270998955    1.000000000000
    1.151852130890    1.000000000000
   -1.175413966179    1.000000000000
    0.172789841890    1.000000000000
   -0.117348067462    1.000000000000
    1.092756390572    1.000000000000
    1.978437066078    1.000000000000
   -2.974050045013    1.000000000000
    0.730439245701    1.000000000000
    1.184990763664    1.000000000000
    0.486080586910    1.000000000000
    0.475409388542    1.000000000000
    1.322419881821    1.000000000000
   -0.251159191132    1.000000000000
    0.084295503795    1.000000000000
   -1.040778398514    1.000000000000
   -0.266367107630    1.000000000000
   -0.878516256809    1.000000000000
   -0.476649969816    1.000000000000
    1.065296173096    1.000000000000
    0.330263406038    1.000000000000
    0.183649346232    1.000000000000
   -0.657063961029    1.000000000000
    0.183521062136    1.000000000000
   -0.185409665108    1.000000000000
    0.544500112534    1.000000000000
    0.243472993374    1.000000000000
    0.140613913536    1.000000000000
   -0.651925444603    1.000000000000
    0.894110620022    1.000000000000
   -0.217500492930    1.000000000000
    1.324245929718    1.000000000000
   -1.823966145515    1.000000000000
   -0.264046072960    1.000000000000
   -0.035240858793    1.000000000000
    0.733883380890    1.000000000000
   -2.162089586258    1.000000000000
    0.410994678736    1.000000000000
    0.374110013247    1.000000000000
    0.650951325893    1.000000000000
    0.470688164234    1.000000000000
   -0.150830239058    1.000000000000
   -0.488485515118    1.000000000000
   -0.281992912292    1.000000000000
    0.107080101967    1.000000000000
    0.594085276127    1.000000000000
   -0.848070204258    1.000000000000
    1.294742465019    1.000000000000
   -0.027159467340    1.000000000000
    1.357699513435    1.000000000000
   -0.779348015785    1.000000000000
    1.216091513634    1.000000000000
    1.057203292847    1.000000000000
   -1.280737400055    1.000000000000
   -0.960958957672    1.000000000000
   -0.410976111889    1.000000000000
    0.142864659429    1.000000000000
   -0.613806784153    1.000000000000
    0.216757103801    1.000000000000
   -0.559869229794    1.000000000000
    0.875634551048    1.000000000000
   -0.550187706947    1.000000000000
   -0.448199838400    1.000000000000
   -1.625687003136    1.000000000000
    0.825048387051    1.000000000000
   -0.495467185974    1.000000000000
   -0.762697160244    1.000000000000
    2.088200092316    1.000000000000
   -0.224604398012    1.000000000000
   -0.478996664286    1.000000000000
    0.617254018784    1.000000000000
   -0.156505718827    1.000000000000
    0.133241832256    1.000000000000
   -0.434764415026    1.000000000000
    0.095469817519    1.000000000000
    0.659009814262    1.000000000000
   -0.380173712969    1.000000000000
    2.721867799759    1.000000000000
   -0.934112131596    1.000000000000
   -0.918590128422    1.000000000000
   -1.142699718475    1.000000000000
   -1.075096845627    1.000000000000
   -2.554222822189    1.000000000000
   -0.342430919409    1.000000000000
   -0.625859856606    1.000000000000
    1.057386398315    1.000000000000
    0.378189712763    1.000000000000
    1.180851697922    1.000000000000
   -0.746941030025    1.000000000000
   -1.583334088326    1.000000000000
    0.091668315232    1.000000000000
    1.159051656723    1.000000000000
    0.096326373518    1.000000000000
    0.001210684422    1.000000000000
   -0.018227823079    1.000000000000
    0.891236901283    1.000000000000
   -0.280474066734    1.000000000000
   -0.153376609087    1.000000000000
   -1.173735380173    1.000000000000
   -1.097048282623    1.000000000000
    0.877611696720    1.000000000000
    0.389656335115    1.000000000000
   -1.329706668854    1.000000000000
   -0.719012260437    1.000000000000
    1.204699754715    1.000000000000
    0.476829320192    1.000000000000
    0.863590717316    1.000000000000
    2.822741985321    1.000000000000
   -0.010062834248    1.000000000000
   -1.700630068779    1.000000000000
    0.642076730728    1.000000000000
    0.439627408981    1.000000000000
   -0.030587613583    1.000000000000
    0.969590365887    1.000000000000
   -0.986458361149    1.000000000000
    1.075605630875    1.000000000000
    0.150256499648    1.000000000000
    0.791043162346    1.000000000000
   -0.447425216436    1.000000000000
    0.088197305799    1.000000000000
    1.635623693466    1.000000000000
    0.137884289026    1.000000000000
    0.851202905178    1.000000000000
   -1.167120099068    1.000000000000
   -1.285163521767    1.000000000000
    0.191925093532    1.000000000000
   -0.090952843428    1.000000000000
   -0.781625807285    1.000000000000
    0.944056510925    1.000000000000
   -0.208505570889    1.000000000000
    1.076140761375    1.000000000000
   -0.765440642834    1.000000000000
   -2.453450679779    1.000000000000
   -0.945764720440    1.000000000000
    0.140341237187    1.000000000000
   -0.370177358389    1.000000000000
    0.275468528271    1.000000000000
    0.332101434469    1.000000000000
   -2.115327119827    1.000000000000
    0.659863710403    1.000000000000
    0.020658120513    1.000000000000
   -0.703934669495    1.000000000000
    0.199957713485    1.000000000000
    0.407251268625    1.000000000000
   -1.746484041214    1.000000000000
   -1.326819896698    1.000000000000
   -0.008847825229    1.000000000000
    0.075877234340    1.000000000000
    0.866714537144    1.000000000000
    1.949206352234    1.000000000000
   -0.671029567719    1.000000000000
   -0.929197192192    1.000000000000
    0.651625692844    1.000000000000
   -0.215858712792    1.000000000000
    0.639293432236    1.000000000000
    1.354376912117    1.000000000000
   -1.160839796066    1.000000000000
    0.708852887154    1.000000000000
    0.500685632229    1.000000000000
   -0.667835295200    1.000000000000
   -0.140126183629    1.000000000000
    0.969822883606    1.000000000000
   -0.188037186861    1.000000000000
    0.029911655933    1.000000000000
   -0.252464860678    1.000000000000
   -1.215665340424    1.000000000000
    1.432862758636    1.000000000000
    0.265382826328    1.000000000000
    1.544321060181    1.000000000000
   -0.244320735335    1.000000000000
    0.965891957283    1.000000000000
   -0.756513595581    1.000000000000
   -0.804139852524    1.000000000000
   -1.038607597351    1.000000000000
    1.026545643806    1.000000000000
   -1.528955340385    1.000000000000
   -0.216699585319    1.000000000000
    1.797539234161    1.000000000000
   -2.129867315292    1.000000000000
    1.059456825256    1.000000000000
    1.558336615562    1.000000000000
    0.921081960201    2.000000000000
    0.674440920353    2.000000000000
    0.446891844273    2.000000000000
    0.839497327805    2.000000000000
   -0.769941270351    2.000000000000
    0.528684496880    2.000000000000
   -0.624740481377    2.000000000000
    0.194765731692    2.000000000000
    0.060158997774    2.000000000000
    1.087129354477    2.000000000000
    1.121610045433    2.000000000000
    1.246605992317    2.000000000000
   -0.052356317639    2.000000000000
    0.359970808029    2.000000000000
   -1.011914014816    2.000000000000
   -0.387689292431    2.000000000000
   -0.415309369564    2.000000000000
    0.165477782488    2.000000000000
   -0.046593084931    2.000000000000
    0.986021816730    2.000000000000
   -2.046788454056    2.000000000000
   -0.050295904279    2.000000000000
   -1.295069932938    2.000000000000
   -0.163082852960    2.000000000000
    1.403633713722    2.000000000000
   -0.482236921787    2.000000000000
    1.397806167603    2.000000000000
    0.861786067486    2.000000000000
    0.401246696711    2.000000000000
   -2.228875875473    2.000000000000
   -0.461006224155    2.000000000000
    0.918632388115    2.000000000000
    1.139959692955    2.000000000000
   -0.714702904224    2.000000000000
    0.536996185780    2.000000000000
   -0.374917268753    2.000000000000
    0.085589595139    2.000000000000
    2.298687219620    2.000000000000
    0.000147372484    2.000000000000
   -2.808649778366    2.000000000000
    0.203167334199    2.000000000000
    0.704806029797    2.000000000000
   -0.349044680595    2.000000000000
   -1.772838950157    2.000000000000
    0.914598405361    2.000000000000
    0.001850485802    2.000000000000
   -0.357580602169    2.000000000000
   -0.623859703541    2.000000000000
    0.401342064142    2.000000000000
    0.665377974510    2.000000000000
   -0.701235830784    2.000000000000
    0.320752620697    2.000000000000
   -0.377754449844    2.000000000000
   -1.020272374153    2.000000000000
    0.362207949162    2.000000000000
   -0.091175988317    2.000000000000
    1.078191518784    2.000000000000
    0.777067124844    2.000000000000
    0.353907167912    2.000000000000
    0.555599093437    2.000000000000
    0.587725996971    2.000000000000
    0.836251437664    2.000000000000
    1.702270627022    2.000000000000
   -0.230879947543    2.000000000000
    0.833124697208    2.000000000000
    1.514590620995    2.000000000000
   -2.009648799896    2.000000000000
    0.243830919266    2.000000000000
    0.203991144896    2.000000000000
   -1.043517708778    2.000000000000
    0.641510248184    2.000000000000
    0.225875183940    2.000000000000
   -0.691727399826    2.000000000000
   -1.055870294571    2.000000000000
    1.571679234505    2.000000000000
    0.792266309261    2.000000000000
    1.328400135040    2.000000000000
   -0.010035082698    2.000000000000
    0.886674642563    2.000000000000
    0.196702226996    2.000000000000
   -0.986641705036    2.000000000000
    0.747666299343    2.000000000000
    0.415777981281    2.000000000000
   -0.736101865768    2.000000000000
    0.003825679421    2.000000000000
    1.084640502930    2.000000000000
   -3.013447523117    2.000000000000
    0.820210933685    2.000000000000
   -0.612317383289    2.000000000000
   -0.159984782338    2.000000000000
    1.692025303841    2.000000000000
   -0.775310158730    2.000000000000
   -2.497465372086    2.000000000000
    0.225770890713    2.000000000000
    0.026036366820    2.000000000000
   -0.925252258778    2.000000000000
   -0.775175154209    2.000000000000
    2.116961002350    2.000000000000
   -0.191705390811    2.000000000000
    0.015605211258    2.000000000000
    0.930046021938    2.000000000000
    0.981320858002    2.000000000000
   -0.534078776836    2.000000000000
   -0.979178726673    2.000000000000
   -1.094337940216    2.000000000000
    0.372865796089    2.000000000000
    0.943448841572    2.000000000000
   -0.968171894550    2.000000000000
   -0.356801688671    2.000000000000
   -0.399175167084    2.000000000000
    0.987029314041    2.000000000000
   -2.098809480667    2.000000000000
   -1.045284986496    2.000000000000
    1.331901550293    2.000000000000
    0.774631202221    2.000000000000
    0.219319045544    2.000000000000
    1.465051531792    2.000000000000
   -1.399874925613    2.000000000000
    0.284343838692    2.000000000000
    2.433420181274    2.000000000000
    1.360301017761    2.000000000000
    0.927414119244    2.000000000000
   -1.332060217857    2.000000000000
    0.568806707859    2.000000000000
    1.628194689751    2.000000000000
    1.606024146080    2.000000000000
    1.639052391052    2.000000000000
    0.695307910442    2.000000000000
    0.347931981087    2.000000000000
   -0.502696454525    2.000000000000
   -0.725669384003    2.000000000000
   -0.808187663555    2.000000000000
   -0.938000977039    2.000000000000
    0.289812833071    2.000000000000
    1.200857400894    2.000000000000
   -0.590992987156    2.000000000000
   -0.309049665928    2.000000000000
   -0.846516191959    2.000000000000
    1.660285234451    2.000000000000
    2.095093727112    2.000000000000
   -0.027342185378    2.000000000000
   -0.337262749672    2.000000000000
   -0.195486202836    2.000000000000
   -0.277856051922    2.000000000000
    0.501368820667    2.000000000000
   -1.642105698586    2.000000000000
    0.410295963287    2.000000000000
   -0.026211142540    2.000000000000
    0.128235474229    2.000000000000
   -0.300256609917    2.000000000000
    1.044381976128    2.000000000000
    0.109404698014    2.000000000000
    2.157257795334    2.000000000000
   -1.929812908173    2.000000000000
   -0.730489850044    2.000000000000
   -0.102184072137    2.000000000000
    0.345606744289    2.000000000000
    0.756061613560    2.000000000000
    0.839915454388    2.000000000000
   -1.249931454659    2.000000000000
    0.289674878120    2.000000000000
    0.304878205061    2.000000000000
    0.240502670407    2.000000000000
    0.162982791662    2.000000000000
   -0.031164079905    2.000000000000
    0.316210150719    2.000000000000
   -0.353773593903    2.000000000000
    0.102400034666    2.000000000000
   -0.621962606907    2.000000000000
    0.673524379730    2.000000000000
    0.230773791671    2.000000000000
    0.264422029257    2.000000000000
   -0.587758600712    2.000000000000
    0.330528020859    2.000000000000
    1.955205202103    2.000000000000
    0.052686631680    2.000000000000
    0.712122440338    2.000000000000
   -1.465937018394    2.000000000000
    0.127073362470    2.000000000000
    0.927543163300    2.000000000000
    0.362731695175    2.000000000000
   -0.288050353527    2.000000000000
    1.242111802101    2.000000000000
    0.322130560875    2.000000000000
    1.875236868858    2.000000000000
    0.196787685156    2.000000000000
   -0.203415736556    2.000000000000
    1.821815252304    2.000000000000
   -0.732548952103    2.000000000000
   -0.046077236533    2.000000000000
   -0.087601438165    2.000000000000
    1.125215888023    2.000000000000
    0.795011460781    2.000000000000
    1.165490627289    2.000000000000
   -1.006567358971    2.000000000000
    3.455402374268    2.000000000000
    0.781691670418    2.000000000000
    0.487518668175    2.000000000000
   -0.287749171257    2.000000000000
    2.006580114365    2.000000000000
   -0.648814439774    2.000000000000
    0.264751434326    2.000000000000
    0.587891876698    2.000000000000
   -1.105148553848    2.000000000000
    0.663984119892    2.000000000000
   -0.214943751693    2.000000000000
    2.099650621414    2.000000000000
    0.713885843754    2.000000000000
   -3.762514591217    2.000000000000
   -2.421274662018    2.000000000000
   -0.912504136562    2.000000000000
   -2.206088542938    2.000000000000
   -0.993540346622    2.000000000000
    1.915433287621    2.000000000000
    0.486424684525    2.000000000000
    0.235604062676    2.000000000000
    0.333807349205    2.000000000000
   -0.064307227731    2.000000000000
   -0.128920808434    2.000000000000
    1.083112597466    2.000000000000
   -0.227123066783    2.000000000000
    1.648899435997    2.000000000000
   -0.475056588650    2.000000000000
    0.306770294905    2.000000000000
    0.488652408123    2.000000000000
    0.686305522919    2.000000000000
    1.237308859825    2.000000000000
    0.382438898087    2.000000000000
    0.653082311153    2.000000000000
    1.409139990807    2.000000000000
    0.403502404690    2.000000000000
   -0.145960465074    2.000000000000
   -0.009282678366    2.000000000000
    1.139418244362    2.000000000000
    0.719563961029    2.000000000000
    1.505490303040    2.000000000000
   -0.173201367259    2.000000000000
    0.239192754030    2.000000000000
   -0.885636150837    2.000000000000
    0.414555490017    2.000000000000
   -0.709529757500    2.000000000000
    0.774037241936    2.000000000000
    1.647773861885    2.000000000000
    1.501868367195    2.000000000000
    0.386368632317    2.000000000000
    1.442638158798    2.000000000000
    1.628866910934    2.000000000000
   -0.607917904854    2.000000000000
    0.756314516068    2.000000000000
   -0.573465645313    2.000000000000
    0.958624362946    2.000000000000
    1.296361446381    2.000000000000
    0.288500487804    2.000000000000
   -0.793576955795    2.000000000000
   -0.747466623783    2.000000000000
   -0.657933533192    2.000000000000
    1.132358789444    2.000000000000
    0.327111572027    2.000000000000
    0.069570004940    2.000000000000
   -0.251404881477    2.000000000000
    0.000836402178    2.000000000000
    1.550134897232    2.000000000000
   -0.353643834591    2.000000000000
    1.278666734695    2.000000000000
   -0.898499906063    2.000000000000
   -0.244826629758    2.000000000000
    0.913387835026    2.000000000000
    0.838613986969    2.000000000000
    0.581097841263    2.000000000000
    0.011981844902    2.000000000000
    2.436490535736    2.000000000000
   -0.253533959389    2.000000000000
    0.001641303301    2.000000000000
   -0.502604782581    2.000000000000
   -1.203489899635    2.000000000000
    0.107907079160    2.000000000000
    0.501331567764    2.000000000000
   -1.019270896912    2.000000000000
   -0.664709448814    2.000000000000
   -0.016712427139    2.000000000000
    0.163858801126    2.000000000000
   -0.641654133797    2.000000000000
   -0.437470078468    2.000000000000
    0.015126973391    2.000000000000
    0.762588381767    2.000000000000
    0.019629448652    2.000000000000
   -0.738790810108    2.000000000000
   -0.060076966882    2.000000000000
   -1.050488829613    2.000000000000
    1.750924348831    2.000000000000
    0.355203866959    2.000000000000
    1.944900274277    2.000000000000
    1.747460603714    2.000000000000
   -0.629582703114    2.000000000000
   -1.242635250092    2.000000000000
    1.225950479507    2.000000000000
    1.097269535065    2.000000000000
    0.933104455471    2.000000000000
   -0.905312716961    2.000000000000
    0.391127943993    2.000000000000
    0.212749779224    2.000000000000
   -0.067253515124    2.000000000000
    0.116136595607    2.000000000000
   -1.233288764954    2.000000000000
    0.887384235859    2.000000000000
    0.629041016102    2.000000000000
   -1.387410998344    2.000000000000
   -0.337823927402    2.000000000000
   -0.864267766476    2.000000000000
    0.990959227085    2.000000000000
   -0.465599834919    2.000000000000
    0.079728312790    2.000000000000
    0.623404145241    2.000000000000
   -0.094107195735    2.000000000000
    1.869561910629    2.000000000000
    0.020591065288    2.000000000000
   -1.336696147919    2.000000000000
   -1.246074914932    2.000000000000
    0.239658862352    2.000000000000
    0.678017616272    2.000000000000
   -0.442686438560    2.000000000000
   -0.545464098454    2.000000000000
    2.641406297684    2.000000000000
   -1.078598380089    2.000000000000
   -0.195849761367    2.000000000000
   -1.448272109032    2.000000000000
   -0.225805982947    2.000000000000
    1.410815119743    2.000000000000
   -1.024515390396    2.000000000000
   -0.505658388138    2.000000000000
   -0.282992124557    2.000000000000
   -0.837201297283    2.000000000000
    0.619184076786    2.000000000000
    0.554711639881    2.000000000000
   -1.280441761017    2.000000000000
   -2.290285825729    2.000000000000
    0.050531953573    2.000000000000
    1.104085564613    2.000000000000
   -0.200469568372    2.000000000000
    1.421306967735    2.000000000000
   -1.052229285240    2.000000000000
    1.739853858948    2.000000000000
    0.648197710514    2.000000000000
    1.411911129951    2.000000000000
    1.242570996284    2.000000000000
    0.478632569313    2.000000000000
    0.408752620220    2.000000000000
    0.155510991812    2.000000000000
    0.820644497871    2.000000000000
    0.829316437244    2.000000000000
    1.825252056122    2.000000000000
    0.109123647213    2.000000000000
   -0.900683104992    2.000000000000
   -1.988838195801    2.000000000000
   -0.438354015350    2.000000000000
    0.110244423151    2.000000000000
   -0.174626901746    2.000000000000
    0.712506055832    2.000000000000
   -0.126036956906    2.000000000000
    0.310284614563    2.000000000000
   -1.195423841476    2.000000000000
   -0.078361913562    2.000000000000
    0.035066932440    2.000000000000
   -0.660551190376    2.000000000000
    0.476459205151    2.000000000000
    1.657710075378    2.000000000000
   -0.380614101887    2.000000000000
    1.487214326859    2.000000000000
    1.133621811867    2.000000000000
    0.559748291969    2.000000000000
    1.463106513023    2.000000000000
   -1.507184505463    2.000000000000
   -1.179250955582    2.000000000000
    1.144629240036    2.000000000000
   -0.081525489688    2.000000000000
   -0.567118465900    2.000000000000
   -0.542429149151    2.000000000000
    1.069659233093    2.000000000000
    0.178133085370    2.000000000000
    1.021813273430    2.000000000000
   -0.142140582204    2.000000000000
   -0.165757462382    2.000000000000
   -0.150074377656    2.000000000000
   -0.297507941723    2.000000000000
    0.537553548813    2.000000000000
    0.049844428897    2.000000000000
    0.656321167946    2.000000000000
    0.002953395247    2.000000000000
   -1.368242263794    2.000000000000
   -0.663814127445    2.000000000000
    0.282360643148    2.000000000000
    0.137374460697    2.000000000000
    1.275881409645    2.000000000000
    1.189784407616    2.000000000000
    0.872797966003    2.000000000000
   -0.769708573818    2.000000000000
   -0.485030889511    2.000000000000
   -0.268059551716    2.000000000000
   -0.329376518726    2.000000000000
    0.054009482265    2.000000000000
   -0.431521952152    2.000000000000
   -1.407758593559    2.000000000000
    0.416514515877    2.000000000000
    0.990474581718    2.000000000000
    0.843236684799    2.000000000000
   -0.700722217560    2.000000000000
    0.917182981968    2.000000000000
    0.903449356556    2.000000000000
    1.625331640244    2.000000000000
    0.599934697151    2.000000000000
   -0.976058065891    2.000000000000
   -0.361690223217    2.000000000000
    1.193273663521    2.000000000000
    0.305094718933    2.000000000000
   -0.197211518884    2.000000000000
    1.048123359680    2.000000000000
    1.635677814484    2.000000000000
   -0.512205898762    2.000000000000
    0.360142767429    2.000000000000
   -1.276004433632    2.000000000000
   -0.769636869431    2.000000000000
   -0.364053964615    2.000000000000
   -0.263819217682    2.000000000000
   -1.241854071617    2.000000000000
    0.110491387546    2.000000000000
    0.318181574345    2.000000000000
   -0.334404706955    2.000000000000
    0.358377754688    2.000000000000
   -0.035156294703    2.000000000000
    1.180599570274    2.000000000000
   -1.697594404221    2.000000000000
    0.892196059227    2.000000000000
    1.753103613853    2.000000000000
    1.662521481514    2.000000000000
    1.736518144608    2.000000000000
    0.140998810530    2.000000000000
   -0.803047597408    2.000000000000
    0.552174329758    2.000000000000
   -0.212338075042    2.000000000000
   -0.730631649494    2.000000000000
    0.014503657818    2.000000000000
    0.406009972095    2.000000000000
   -0.921278655529    2.000000000000
   -1.988816976547    2.000000000000
    0.673541486263    2.000000000000
    0.194220200181    2.000000000000
    0.335326492786    2.000000000000
    0.464396893978    2.000000000000
    2.181411981583    2.000000000000
    0.566962599754    2.000000000000
    2.323860168457    2.000000000000
    1.804413676262    2.000000000000
   -0.991549313068    2.000000000000
   -0.684234023094    2.000000000000
    1.007151126862    2.000000000000
    0.993761897087    2.000000000000
   -0.050668761134    2.000000000000
    1.733743071556    2.000000000000
   -0.520668864250    2.000000000000
    0.950915575027    2.000000000000
    1.314480304718    2.000000000000
   -0.241084888577    2.000000000000
   -0.039620235562    2.000000000000
   -0.575344502926    2.000000000000
    0.635600328445    2.000000000000
    0.806100964546    2.000000000000
    0.541543602943    2.000000000000
    0.864977538586    2.000000000000
   -1.575073480606    2.000000000000
    2.773677825928    2.000000000000
    0.760850071907    2.000000000000
    0.782899796963    2.000000000000
   -1.293611168861    2.000000000000
    1.244951725006    2.000000000000
    0.015238210559    2.000000000000
    1.545004248619    2.000000000000
    0.687989473343    2.000000000000
    2.593075513840    2.000000000000
    1.343868017197    2.000000000000
    1.797025799751    2.000000000000
    0.088918454945    2.000000000000
    1.950146317482    2.000000000000
    0.721774458885    2.000000000000
   -0.326906144619    2.000000000000
   -1.137045502663    2.000000000000
   -0.066721603274    2.000000000000
   -0.681365668774    2.000000000000
   -0.531384885311    2.000000000000
    1.961268782616    2.000000000000
    0.821027040482    2.000000000000
   -1.040179848671    2.000000000000
   -0.371336340904    2.000000000000
    1.582789778709    2.000000000000
   -1.338810324669    2.000000000000
   -0.732616186142    2.000000000000
   -0.594842195511    2.000000000000
    0.737323999405    2.000000000000
   -0.956686079502    2.000000000000
    0.934413373470    2.000000000000
    3.348036766052    2.000000000000
   -0.005138501525    2.000000000000
    0.424186408520    2.000000000000
    0.735480189323    2.000000000000
    3.165471792221    2.000000000000
   -0.195064857602    2.000000000000
    0.083722665906    2.000000000000
    0.536863088608    2.000000000000
    1.421149969101    2.000000000000
   -0.095239654183    2.000000000000
    0.230818331242    2.000000000000
    0.663844883442    2.000000000000
   -1.632485151291    2.000000000000
   -0.811474263668    2.000000000000
    0.294227659702    2.000000000000
    0.032210126519    2.000000000000
   -0.160198822618    2.000000000000
    0.853073120117    2.000000000000
    1.262638330460    2.000000000000
   -1.111459493637    2.000000000000
    1.113533616066    2.000000000000
    0.019020706415    2.000000000000
   -0.171114012599    2.000000000000
    0.346028089523    2.000000000000
    0.614865601063    2.000000000000
   -0.374149858952    2.000000000000
   -1.603719472885    2.000000000000
    0.268846333027    2.000000000000
    1.072142124176    2.000000000000
    0.750021636486    2.000000000000
    0.491931617260    2.000000000000
    0.236880630255    2.000000000000
    1.036275267601    2.000000000000
   -0.337158679962    2.000000000000
    0.518903493881    2.000000000000
    1.607679247856    2.000000000000
   -0.769264101982    2.000000000000
   -1.343308687210    2.000000000000
   -0.629644155502    2.000000000000
   -0.553369581699    2.000000000000
   -0.100907430053    2.000000000000
    0.786921739578    2.000000000000
   -0.692634344101    2.000000000000
    0.775729238987    2.000000000000
   -0.774712979794    2.000000000000
   -0.890486061573    2.000000000000
    2.376886606216    2.000000000000
    0.293325424194    2.000000000000
    0.769754707813    2.000000000000
   -0.038981020451    2.000000000000
   -0.993597567081    2.000000000000
    0.858967781067    2.000000000000
    0.209734797478    2.000000000000
    0.172533810139    2.000000000000
   -0.384631872177    2.000000000000
   -0.649194478989    2.000000000000
   -0.625817716122    2.000000000000
   -0.782518327236    2.000000000000
   -0.356859147549    2.000000000000
    0.496679544449    2.000000000000
   -0.489843606949    2.000000000000
    0.528488516808    2.000000000000
   -0.559336185455    2.000000000000
   -0.099426314235    2.000000000000
   -0.887247264385    2.000000000000
    0.817791700363    2.000000000000
    1.612659692764    2.000000000000
   -0.329991698265    2.000000000000
    1.593076467514    2.000000000000
   -1.778858304024    2.000000000000
   -1.052327036858    2.000000000000
    0.200295343995    2.000000000000
    0.755174696445    2.000000000000
   -0.065795615315    2.000000000000
    0.274654865265    2.000000000000
    0.548146188259    2.000000000000
   -1.152609467506    2.000000000000
    0.449213027954    2.000000000000
    0.139225512743    2.000000000000
   -1.585638165474    2.000000000000
   -0.211715742946    2.000000000000
    0.583799302578    2.000000000000
    0.862779140472    2.000000000000
    1.493989706039    2.000000000000
    0.896919071674    2.000000000000
    0.412751585245    2.000000000000
    1.856110811234    2.000000000000
    0.653539419174    2.000000000000
   -0.648934304714    2.000000000000
    0.672476232052    2.000000000000
    0.613458216190    2.000000000000
    0.378757417202    2.000000000000
    0.527326524258    2.000000000000
   -2.404791831970    2.000000000000
   -1.305325031281    2.000000000000
    0.436020255089    2.000000000000
    0.439615547657    2.000000000000
    0.530085623264    2.000000000000
    0.144035160542    2.000000000000
    0.176360145211    2.000000000000
   -0.213528499007    2.000000000000
    0.966274321079    2.000000000000
    0.105081073940    2.000000000000
    0.281779170036    2.000000000000
   -0.924253165722    2.000000000000
    2.703351020813    2.000000000000
   -0.267926096916    2.000000000000
   -1.347184062004    2.000000000000
    0.081440702081    2.000000000000
   -1.333416223526    2.000000000000
   -0.786308705807    2.000000000000
    0.016569688916    2.000000000000
   -0.076781794429    2.000000000000
    0.288275241852    2.000000000000
    0.316002726555    2.000000000000
   -0.262059390545    2.000000000000
   -0.071178928018    2.000000000000
   -0.781427204609    2.000000000000
    0.384239375591    2.000000000000
   -0.094944044948    2.000000000000
   -0.507102787495    2.000000000000
   -0.681009590626    2.000000000000
    0.700066387653    2.000000000000
    0.139440774918    2.000000000000
    0.189267739654    2.000000000000
   -0.026353895664    2.000000000000
    1.311438798904    2.000000000000
   -0.671990275383    2.000000000000
    0.484506309032    2.000000000000
    0.753239512444    2.000000000000
   -0.097081318498    2.000000000000
    0.587481856346    2.000000000000
    1.324475288391    2.000000000000
   -1.250261068344    2.000000000000
   -0.806222259998    2.000000000000
    2.147086381912    2.000000000000
   -0.330113470554    2.000000000000
   -0.812369167805    2.000000000000
   -1.093291521072    2.000000000000
   -1.146651268005    2.000000000000
    0.511120378971    2.000000000000
    0.823056995869    2.000000000000
    1.868204712868    2.000000000000
    1.317409634590    2.000000000000
    3.242276191711    2.000000000000
   -0.435970902443    2.000000000000
    0.077374570072    2.000000000000
   -0.726813912392    2.000000000000
    1.207523941994    2.000000000000
    1.828820109367    2.000000000000
    0.441072434187    2.000000000000
   -0.122454240918    2.000000000000
   -0.328633368015    2.000000000000
    1.840387105942    2.000000000000
    0.612794101238    2.000000000000
   -0.464751005173    2.000000000000
   -0.320447802544    2.000000000000
    0.548868119717    2.000000000000
   -2.349054813385    2.000000000000
    0.202407717705    2.000000000000
   -0.054904267192    2.000000000000
   -0.919632375240    2.000000000000
   -0.769492566586    2.000000000000
    1.198710799217    2.000000000000
   -0.435382902622    2.000000000000
    0.641280293465    2.000000000000
    0.640077829361    2.000000000000
   -0.662313878536    2.000000000000
    3.697035312653    2.000000000000
    2.064168214798    2.000000000000
   -0.028214409947    2.000000000000
    0.342122942209    2.000000000000
    1.043174028397    2.000000000000
    0.866902828217    2.000000000000
   -0.201239362359    2.000000000000
    0.008863300085    2.000000000000
    0.785259127617    2.000000000000
    1.591858983040    2.000000000000
    0.279611438513    2.000000000000
    0.283208310604    2.000000000000
    2.324633598328    2.000000000000
    0.415109485388    2.000000000000
    0.369993656874    2.000000000000
    1.671573996544    2.000000000000
    0.564888358116    2.000000000000
    0.858262777328    2.000000000000
    0.112086728215    2.000000000000
   -0.243083015084    2.000000000000
    1.445333242416    2.000000000000
   -0.091479852796    2.000000000000
    2.863664865494    2.000000000000
    0.292122602463    2.000000000000
    0.128463745117    2.000000000000
   -0.639205157757    2.000000000000
    1.323330760002    2.000000000000
   -0.244920596480    2.000000000000
   -1.158455491066    2.000000000000
    0.700836777687    2.000000000000
    1.030105829239    2.000000000000
   -0.428460240364    2.000000000000
   -1.004866242409    2.000000000000
   -0.552647948265    2.000000000000
    2.828020334244    2.000000000000
    0.448127448559    2.000000000000
    0.513019144535    2.000000000000
    0.294292926788    2.000000000000
   -0.519407153130    2.000000000000
    1.269414186478    2.000000000000
   -1.374664902687    2.000000000000
    0.629460453987    2.000000000000
   -0.417605578899    2.000000000000
    2.087552785873    2.000000000000
    0.101072251797    2.000000000000
   -0.397278010845    2.000000000000
    0.487422704697    2.000000000000
   -0.693972766399    2.000000000000
   -0.101875796914    2.000000000000
    0.047504052520    2.000000000000
   -0.105373278260    2.000000000000
   -0.433657586575    2.000000000000
    0.919308781624    2.000000000000
    0.165034666657    2.000000000000
   -1.041396617889    2.000000000000
   -0.135020241141    2.000000000000
    1.782433032990    2.000000000000
    0.172194972634    2.000000000000
   -1.118178963661    2.000000000000
    1.247165322304    2.000000000000
    0.820910096169    2.000000000000
    0.935592889786    2.000000000000
    0.623004257679    2.000000000000
    0.105053111911    2.000000000000
    0.492997348309    2.000000000000
   -0.082814112306    2.000000000000
   -0.553227722645    2.000000000000
    2.726832151413    2.000000000000
    0.545651376247    2.000000000000
   -0.044269129634    2.000000000000
    0.797710239887    2.000000000000
   -0.388024568558    2.000000000000
    0.861162245274    2.000000000000
   -0.661591649055    2.000000000000
    0.509897947311    2.000000000000
    1.457503080368    2.000000000000
    0.046099409461    2.000000000000
   -1.427372455597    2.000000000000
   -0.352691888809    2.000000000000
    0.676075637341    2.000000000000
   -0.342201471329    2.000000000000
    0.927002131939    2.000000000000
   -1.276401758194    2.000000000000
    0.273144096136    2.000000000000
   -0.557788252831    2.000000000000
   -0.043997481465    2.000000000000
    1.218829989433    2.000000000000
   -0.047994092107    2.000000000000
    0.458111345768    2.000000000000
    1.440734386444    2.000000000000
   -0.658642828465    2.000000000000
    1.755662560463    2.000000000000
    0.159182414412    2.000000000000
   -1.106093645096    2.000000000000
    0.908022344112    2.000000000000
    0.594606518745    2.000000000000
    1.972671151161    2.000000000000
    0.666629135609    2.000000000000
    0.638018131256    2.000000000000
    0.031677484512    2.000000000000
    0.027879625559    2.000000000000
    0.623975396156    2.000000000000
   -1.294434189796    2.000000000000
   -0.142175510526    2.000000000000
    0.951052069664    2.000000000000
    0.789416372776    2.000000000000
    0.955420434475    2.000000000000
    1.394749522209    2.000000000000
   -1.190201997757    2.000000000000
    0.916852653027    2.000000000000
   -1.028258442879    2.000000000000
   -0.840974628925    2.000000000000
    1.630077242851    2.000000000000
   -0.941605269909    2.000000000000
    2.260016441345    2.000000000000
   -0.438855409622    2.000000000000
   -0.566568195820    2.000000000000
    1.196523189545    2.000000000000
   -0.920481026173    2.000000000000
    1.556802153587    2.000000000000
    0.214285686612    2.000000000000
   -0.659054934978    2.000000000000
    1.293971538544    2.000000000000
    1.040067315102    2.000000000000
   -0.344354569912    2.000000000000
   -0.892507612705    2.000000000000
    1.136755585670    2.000000000000
    0.604691326618    2.000000000000
   -0.452882468700    2.000000000000
   -0.963956415653    2.000000000000
   -0.542012751102    2.000000000000
    1.295290112495    2.000000000000
   -1.181247472763    2.000000000000
    1.218884825706    2.000000000000
    0.871412277222    2.000000000000
   -0.828364908695    2.000000000000
    0.736226022243    2.000000000000
    1.222719669342    2.000000000000
    1.057198643684    2.000000000000
    0.421818077564    2.000000000000
   -0.383462965488    2.000000000000
    0.955008149147    2.000000000000
   -1.116198658943    2.000000000000
    1.006228208542    2.000000000000
    0.010678306222    2.000000000000
   -0.322693884373    2.000000000000
    1.700748324394    2.000000000000
   -1.536528229713    2.000000000000
    0.192377179861    2.000000000000
   -0.496954083443    2.000000000000
   -0.417612850666    2.000000000000
    0.937261223793    2.000000000000
    0.633507251740    2.000000000000
   -1.166388511658    2.000000000000
   -1.895076990128    2.000000000000
   -0.149171903729    2.000000000000
    0.514635920525    2.000000000000
    0.631231725216    2.000000000000
    0.254581898451    2.000000000000
    1.182304263115    2.000000000000
   -1.091096043587    2.000000000000
    1.000147938728    2.000000000000
    0.084146872163    2.000000000000
    0.726901412010    2.000000000000
   -0.242846682668    2.000000000000
   -0.097587868571    2.000000000000
   -1.071767568588    2.000000000000
    3.020530700684    2.000000000000
    1.806014418602    2.000000000000
   -0.407065093517    2.000000000000
   -1.570979356766    2.000000000000
   -0.935473024845    2.000000000000
    1.230460882187    2.000000000000
    0.174740284681    2.000000000000
    1.689031839371    2.000000000000
    0.180171430111    2.000000000000
   -1.833114147186    2.000000000000
   -0.784628450871    2.000000000000
   -0.658384442329    2.000000000000
   -0.123679503798    2.000000000000
    0.587409198284    2.000000000000
    0.367989182472    2.000000000000
    0.333471089602    2.000000000000
    0.420810371637    2.000000000000
    0.070965692401    2.000000000000
   -1.011220455170    2.000000000000
   -1.199522495270    2.000000000000
   -0.277198672295    2.000000000000
    0.183371230960    2.000000000000
    0.182024925947    2.000000000000
    0.846798956394    2.000000000000
   -0.161913648248    2.000000000000
    1.232900500298    2.000000000000
   -1.749415040016    2.000000000000
   -0.012236431241    2.000000000000
   -0.252181112766    2.000000000000
    0.319554328918    2.000000000000
    0.644133448601    2.000000000000
    0.099654398859    2.000000000000
    0.342444658279    2.000000000000
    1.052490234375    2.000000000000
   -0.384277760983    2.000000000000
   -1.356099128723    2.000000000000
    1.823573470116    2.000000000000
    0.950313329697    2.000000000000
    1.744275689125    2.000000000000
   -1.644687175751    2.000000000000
    0.640525102615    2.000000000000
   -0.965473353863    2.000000000000
   -0.061123117805    2.000000000000
    1.655670404434    2.000000000000
   -0.023119598627    2.000000000000
   -0.823705494404    2.000000000000
    0.381003618240    2.000000000000
   -1.302310228348    2.000000000000
    1.972352743149    2.000000000000
   -1.192613482475    2.000000000000
    0.744638383389    2.000000000000
   -0.625870466232    2.000000000000
   -0.507472693920    2.000000000000
   -1.296940565109    2.000000000000
    1.047639727592    2.000000000000
    0.287633210421    2.000000000000
   -0.626412928104    2.000000000000
    0.799687922001    2.000000000000
   -1.026656389236    2.000000000000
    0.360097855330    2.000000000000
    0.628871858120    2.000000000000
   -1.888961553574    2.000000000000
   -0.237248495221    2.000000000000
    0.060245245695    2.000000000000
    0.839187085629    2.000000000000
    1.762373685837    2.000000000000
   -0.454009056091    2.000000000000
    1.539399862289    2.000000000000
    0.914321005344    2.000000000000
   -1.183631300926    2.000000000000
   -0.028618231416    2.000000000000
   -0.276990592480    2.000000000000
   -0.881329953671    2.000000000000
    0.264512866735    2.000000000000
    1.366123676300    2.000000000000
    0.588033080101    2.000000000000
    1.390040636063    2.000000000000
    0.721271395683    2.000000000000
    2.264588117599    2.000000000000
    0.509513080120    2.000000000000
   -0.283323645592    2.000000000000
    0.463835239410    2.000000000000
   -1.139624834061    2.000000000000
    0.396804362535    2.000000000000
    0.229044869542    2.000000000000
   -0.314671218395    2.000000000000
   -1.001690030098    2.000000000000
    0.558759927750    2.000000000000
    1.860832929611    2.000000000000
    2.041105508804    2.000000000000
    0.069588616490    2.000000000000
    0.558316648006    2.000000000000
    0.058722406626    2.000000000000
    1.078850388527    2.000000000000
   -0.003133624792    2.000000000000
   -0.170536056161    2.000000000000
   -0.983601748943    2.000000000000
    1.708932638168    2.000000000000
   -0.619780659676    2.000000000000
    0.838079690933    2.000000000000
    0.320010066032    2.000000000000
   -0.684326171875    2.000000000000
    0.355394423008    2.000000000000
   -1.546408891678    2.000000000000
   -0.750569939613    2.000000000000
    0.385155379772    2.000000000000
    0.097325623035    2.000000000000
    1.045539379120    2.000000000000
    0.728821098804    2.000000000000
   -0.983876645565    2.000000000000
   -2.021973609924    2.000000000000
    0.048262417316    2.000000000000
   -0.532167136669    2.000000000000
    2.010620594025    2.000000000000
    1.408291697502    2.000000000000
   -0.541068851948    2.000000000000
    0.755786120892    2.000000000000
    0.305937528610    2.000000000000
    2.988232374191    2.000000000000
   -1.579445242882    2.000000000000
   -1.222088694572    2.000000000000
    0.325191974640    2.000000000000
   -0.067799136043    2.000000000000
   -0.192118987441    2.000000000000
    0.165045589209    2.000000000000
   -0.518809854984    2.000000000000
    0.877063989639    2.000000000000
    0.490962088108    2.000000000000
    1.831524729729    2.000000000000
   -0.645984947681    2.000000000000
    0.869010090828    2.000000000000
    1.531858444214    2.000000000000
    0.300620168447    2.000000000000
    0.302466809750    2.000000000000
   -0.132317110896    2.000000000000
    0.396351784468    2.000000000000
    0.511679112911    2.000000000000
    1.147264480591    2.000000000000
    0.378560900688    2.000000000000
    0.909493029118    2.000000000000
    1.893454194069    2.000000000000
    0.536262691021    2.000000000000
    1.995019435883    2.000000000000
   -0.564698934555    2.000000000000
   -0.527490198612    2.000000000000
   -0.888690531254    2.000000000000
    0.711349248886    2.000000000000
    1.024611830711    2.000000000000
    2.391132354736    2.000000000000
    0.060320407152    2.000000000000
   -0.461261689663    2.000000000000
    0.243274390697    2.000000000000
    1.324020028114    2.000000000000
   -0.086017623544    2.000000000000
   -1.115869998932    2.000000000000
   -0.687762618065    2.000000000000
    1.340851783752    2.000000000000
    0.639777958393    2.000000000000
    1.242570400238    2.000000000000
   -2.746877193451    2.000000000000
   -0.821412742138    2.000000000000
   -1.935914516449    2.000000000000
    0.911334753036    2.000000000000
    1.243325471878    2.000000000000
   -0.877214729786    2.000000000000
   -0.834595501423    2.000000000000
