   -0.794831812382    1.000000000000
    0.472540915012    1.000000000000
   -1.069855213165    1.000000000000
    0.568412363529    1.000000000000
   -0.895336806774    1.000000000000
    1.813863158226    1.000000000000
    0.357169181108    1.000000000000
    1.345898509026    1.000000000000
   -0.014697815292    1.000000000000
    1.207026481628    1.000000000000
    0.625520944595    1.000000000000
    0.396013647318    1.000000000000
    1.086090207100    1.000000000000
    0.650982081890    1.000000000000
    0.243617296219    1.000000000000
   -0.324230909348    1.000000000000
    2.408008337021    1.000000000000
   -0.330245673656    1.000000000000
    0.367171704769    1.000000000000
    0.867835402489    1.000000000000
   -1.323426604271    1.000000000000
    0.099308751523    1.000000000000
   -1.544120430946    1.000000000000
    0.627459466457    1.000000000000
   -0.048384509981    1.000000000000
    0.692401528358    1.000000000000
    0.425882369280    1.000000000000
   -0.052312456071    1.000000000000
    0.403133958578    1.000000000000
    0.666868507862    1.000000000000
    0.884040892124    1.000000000000
    0.910237550735    1.000000000000
    0.210811287165    1.000000000000
    0.134490028024    1.000000000000
   -1.629848361015    1.000000000000
   -0.771707773209    1.000000000000
    0.116315588355    1.000000000000
    0.188148036599    1.000000000000
    0.557116150856    1.000000000000
    0.695522487164    1.000000000000
    0.424091458321    1.000000000000
   -0.515808165073    1.000000000000
    1.621565341949    1.000000000000
   -2.012052059174    1.000000000000
    1.480990052223    1.000000000000
   -1.049685001373    1.000000000000
   -1.704493045807    1.000000000000
    1.811724543571    1.000000000000
   -0.312660753727    1.000000000000
    1.192844867706    1.000000000000
   -0.002703014994    1.000000000000
   -0.523202478886    1.000000000000
    1.091431260109    1.000000000000
   -0.339159131050    1.000000000000
    0.557135283947    1.000000000000
   -0.163886889815    1.000000000000
    1.341261148453    1.000000000000
   -1.065769553185    1.000000000000
   -0.761719107628    1.000000000000
   -0.727155864239    1.000000000000
   -0.507293522358    1.000000000000
   -0.307294100523    1.000000000000
   -2.571320533752    1.000000000000
   -0.143366724253    1.000000000000
    0.942622363567    1.000000000000
   -0.963913917542    1.000000000000
   -0.419232875109    1.000000000000
   -0.754334986210    1.000000000000
    0.020415836945    1.000000000000
    0.876268029213    1.000000000000
    1.076482176781    1.000000000000
    0.541110813618    1.000000000000
   -0.332402795553    1.000000000000
    0.195558786392    1.000000000000
    0.163566723466    1.000000000000
    0.421388804913    1.000000000000
   -1.040356636047    1.000000000000
    0.916697561741    1.000000000000
   -0.199957743287    1.000000000000
   -0.332766771317    1.000000000000
   -1.015759587288    1.000000000000
    0.811816215515    1.000000000000
    1.022792339325    1.000000000000
    0.911267459393    1.000000000000
    1.785419940948    1.000000000000
    2.173799991608    1.000000000000
   -1.145501255989    1.000000000000
   -0.241357192397    1.000000000000
   -1.499355316162    1.000000000000
    0.435066282749    1.000000000000
   -1.286330580711    1.000000000000
    2.420736551285    1.000000000000
   -0.279025882483    1.000000000000
    1.506158590317    1.000000000000
    0.394385427237    1.000000000000
    1.975609660149    1.000000000000
    0.269171983004    1.000000000000
   -0.757554113865    1.000000000000
   -0.651746094227    1.000000000000
   -1.442322492599    1.000000000000
    0.804598748684    1.000000000000
    0.964431464672    1.000000000000
    0.388997703791    1.000000000000
   -0.744194984436    1.000000000000
   -0.263159722090    1.000000000000
    0.589294373989    1.000000000000
    0.947985112667    1.000000000000
    0.223019599915    1.000000000000
   -2.188328742981    1.000000000000
    0.267633020878    1.000000000000
    0.422713637352    1.000000000000
    0.795239806175    1.000000000000
   -1.559430956841    1.000000000000
    0.665218532085    1.000000000000
   -0.071616932750    1.000000000000
    0.780210375786    1.000000000000
    0.724998235703    1.000000000000
   -0.882791996002    1.000000000000
    1.707526803017    1.000000000000
   -0.544470667839    1.000000000000
    0.097830243409    1.000000000000
   -0.969484567642    1.000000000000
    0.860343635082    1.000000000000
    0.108821310103    1.000000000000
    0.797078549862    1.000000000000
   -0.066097132862    1.000000000000
    0.927492558956    1.000000000000
    1.176365733147    1.000000000000
   -1.264458298683    1.000000000000
   -1.143070697784    1.000000000000
   -0.501022815704    1.000000000000
    0.949676454067    1.000000000000
    0.740583777428    1.000000000000
    0.455021589994    1.000000000000
   -0.095792338252    1.000000000000
   -0.267218440771    1.000000000000
    0.076470270753    1.000000000000
    1.060920476913    1.000000000000
   -0.480091601610    1.000000000000
    0.687783002853    1.000000000000
    0.139524444938    1.000000000000
    0.157524958253    1.000000000000
    0.204517766833    1.000000000000
    0.271434098482    1.000000000000
    0.828592061996    1.000000000000
    0.466924488544    1.000000000000
   -0.349058985710    1.000000000000
    0.021724097431    1.000000000000
    0.213786557317    1.000000000000
   -0.193073898554    1.000000000000
   -0.890715658665    1.000000000000
   -0.117691755295    1.000000000000
    0.481691211462    1.000000000000
   -0.527275860310    1.000000000000
   -0.196732595563    1.000000000000
    1.205632448196    1.000000000000
   -1.633221030235    1.000000000000
   -1.348944544792    1.000000000000
    0.318214207888    1.000000000000
   -0.339673757553    1.000000000000
   -1.485915184021    1.000000000000
    0.698162555695    1.000000000000
   -1.488318681717    1.000000000000
    0.341709464788    1.000000000000
    1.600856900215    1.000000000000
   -0.811709821224    1.000000000000
   -0.815975844860    1.000000000000
    0.490240395069    1.000000000000
    0.945105373859    1.000000000000
    1.039659023285    1.000000000000
   -1.414757847786    1.000000000000
   -1.468881011009    1.000000000000
   -0.349993675947    1.000000000000
    1.845587253571    1.000000000000
   -0.080943547189    1.000000000000
    1.016273736954    1.000000000000
   -1.139583230019    1.000000000000
    0.466819375753    1.000000000000
   -0.978195369244    1.000000000000
    0.590179026127    1.000000000000
    0.059202000499    1.000000000000
   -0.128376647830    1.000000000000
    0.004981967621    1.000000000000
   -1.763921618462    1.000000000000
   -0.479841589928    1.000000000000
   -2.229124069214    1.000000000000
    0.627277553082    1.000000000000
   -0.136273443699    1.000000000000
    0.700099110603    1.000000000000
   -0.862359583378    1.000000000000
   -2.182442903519    1.000000000000
    0.145357802510    1.000000000000
   -0.277899920940    1.000000000000
   -0.318171501160    1.000000000000
    0.922527492046    1.000000000000
    2.007404327393    1.000000000000
    0.128932490945    1.000000000000
    0.051026266068    1.000000000000
   -1.426792025566    1.000000000000
   -0.585543155670    1.000000000000
   -0.450280994177    1.000000000000
    0.816108345985    1.000000000000
    0.498788028955    1.000000000000
   -0.888049185276    1.000000000000
   -0.297705054283    1.000000000000
    0.997438848019    1.000000000000
    0.248057246208    1.000000000000
    2.046119689941    1.000000000000
    0.628638863564    1.000000000000
    1.433157682419    1.000000000000
    1.265595078468    1.000000000000
   -0.696494519711    1.000000000000
   -0.277082562447    1.000000000000
    0.437505692244    1.000000000000
    0.371620833874    1.000000000000
    0.467590808868    1.000000000000
   -1.026301383972    1.000000000000
    0.455854535103    1.000000000000
   -2.481139183044    1.000000000000
   -1.524771571159    1.000000000000
    0.248212054372    1.000000000000
    0.521308779716    1.000000000000
   -0.508060872555    1.000000000000
    1.969604253769    1.000000000000
    0.210655778646    1.000000000000
   -0.420713067055    1.000000000000
   -1.948000192642    1.000000000000
    0.759467422962    1.000000000000
    1.964516758919    1.000000000000
    2.052530527115    1.000000000000
   -0.109440453351    1.000000000000
    1.735771417618    1.000000000000
    0.340155810118    1.000000000000
   -0.942209005356    1.000000000000
    0.430337369442    1.000000000000
    1.978086948395    1.000000000000
    0.668977379799    1.000000000000
    1.363241791725    1.000000000000
   -1.263974070549    1.000000000000
    0.439724951982    1.000000000000
    1.892216682434    1.000000000000
   -1.254006505013    1.000000000000
   -0.858078956604    1.000000000000
   -0.856910169125    1.000000000000
   -0.169008791447    1.000000000000
   -0.826092123985    1.000000000000
   -0.307414114475    1.000000000000
    0.338495433331    1.000000000000
    0.451879531145    1.000000000000
   -0.974514484406    1.000000000000
   -0.037163257599    1.000000000000
   -0.243498593569    1.000000000000
   -1.202364802361    1.000000000000
    1.183701872826    1.000000000000
   -1.771745085716    1.000000000000
    0.217610090971    1.000000000000
   -1.514905571938    1.000000000000
   -0.451991170645    1.000000000000
    0.263510882854    1.000000000000
   -1.114313721657    1.000000000000
    1.614892005920    1.000000000000
    1.231909036636    1.000000000000
   -0.448820114136    1.000000000000
    1.522494912148    1.000000000000
    1.845798373222    1.000000000000
   -1.224066972733    1.000000000000
   -0.632795035839    1.000000000000
    1.788647413254    1.000000000000
   -0.710165679455    1.000000000000
   -0.222569450736    1.000000000000
    1.156314373016    1.000000000000
    0.657969355583    1.000000000000
   -0.502090990543    1.000000000000
   -0.130284205079    1.000000000000
   -0.225773259997    1.000000000000
    1.364650011063    1.000000000000
   -0.664790689945    1.000000000000
    0.253224492073    1.000000000000
    0.755541205406    1.000000000000
    0.362476080656    1.000000000000
    1.194052934647    1.000000000000
    0.715437650681    1.000000000000
   -0.284247308969    1.000000000000
   -0.952863395214    1.000000000000
    1.767315745354    1.000000000000
    0.804145097733    1.000000000000
    1.160243868828    1.000000000000
   -1.344865083694    1.000000000000
   -0.788613259792    1.000000000000
   -0.153211280704    1.000000000000
   -0.094807356596    1.000000000000
    2.469484806061    1.000000000000
   -0.723976731300    1.000000000000
   -0.401163071394    1.000000000000
    0.683112680912    1.000000000000
   -0.411536693573    1.000000000000
    0.327564626932    1.000000000000
    0.049269333482    1.000000000000
    0.022974021733    1.000000000000
    0.999043107033    1.000000000000
    0.112956613302    1.000000000000
   -0.047841943800    1.000000000000
    0.932847917080    1.000000000000
   -1.201032996178    1.000000000000
   -0.904426455498    1.000000000000
   -1.188631296158    1.000000000000
    1.028632879257    1.000000000000
    0.968756794930    1.000000000000
    1.576954960823    1.000000000000
    0.450303554535    1.000000000000
    1.066019058228    1.000000000000
   -0.038068033755    1.000000000000
   -0.214908450842    1.000000000000
   -0.053928606212    1.000000000000
    0.822903156281    1.000000000000
    1.098953604698    1.000000000000
   -0.083566069603    1.000000000000
    0.354526698589    1.000000000000
    0.109689392149    1.000000000000
    0.308397948742    1.000000000000
   -1.050963640213    1.000000000000
   -0.789173305035    1.000000000000
   -1.688246965408    1.000000000000
   -0.126198962331    1.000000000000
   -1.555316090584    1.000000000000
   -0.279840290546    1.000000000000
    1.608554720879    1.000000000000
    0.409144103527    1.000000000000
    1.526736259460    1.000000000000
    0.239095643163    1.000000000000
   -2.016308307648    1.000000000000
    0.262437343597    1.000000000000
    1.228819489479    1.000000000000
    1.825073599815    1.000000000000
   -3.452768802643    1.000000000000
   -0.253750741482    1.000000000000
   -0.014482476749    1.000000000000
   -0.552749693394    1.000000000000
    0.924916207790    1.000000000000
   -0.825637221336    1.000000000000
   -1.765820503235    1.000000000000
    0.295427888632    1.000000000000
    0.245240911841    1.000000000000
   -1.114156723022    1.000000000000
   -0.743406951427    1.000000000000
    0.881590127945    1.000000000000
    1.583385229111    1.000000000000
   -1.478907942772    1.000000000000
    0.339364290237    1.000000000000
   -0.408350586891    1.000000000000
    0.312269926071    1.000000000000
   -0.608029007912    1.000000000000
    2.740078210831    1.000000000000
    1.013975501060    1.000000000000
    0.264701724052    1.000000000000
   -0.208116799593    1.000000000000
   -1.036677479744    1.000000000000
    0.923807024956    1.000000000000
    0.056758265942    1.000000000000
    2.055165052414    1.000000000000
    0.729127585888    1.000000000000
    0.057967260480    1.000000000000
   -0.199143990874    1.000000000000
    0.877812266350    1.000000000000
    0.672620415688    1.000000000000
    0.303688913584    1.000000000000
   -0.187127098441    1.000000000000
   -0.475787997246    1.000000000000
   -1.763471722603    1.000000000000
   -0.035716425627    1.000000000000
   -1.533616185188    1.000000000000
   -0.577554821968    1.000000000000
   -1.693278193474    1.000000000000
    0.449955850840    1.000000000000
   -2.366797208786    1.000000000000
   -1.773810982704    1.000000000000
    1.372761130333    1.000000000000
    0.226562529802    1.000000000000
    0.418608546257    1.000000000000
   -1.678558468819    1.000000000000
    0.612030446529    1.000000000000
   -0.960802257061    1.000000000000
    1.264835596085    1.000000000000
    1.125320434570    1.000000000000
    0.792647898197    1.000000000000
   -0.588609755039    1.000000000000
   -1.676476597786    1.000000000000
    0.491991072893    1.000000000000
   -0.051830004901    1.000000000000
    1.142165899277    1.000000000000
   -1.282665967941    1.000000000000
   -0.614984154701    1.000000000000
   -1.166763901711    1.000000000000
   -0.395430266857    1.000000000000
    0.850666165352    1.000000000000
   -1.120323896408    1.000000000000
   -0.449594050646    1.000000000000
    2.662137508392    1.000000000000
   -1.227163195610    1.000000000000
   -0.223759531975    1.000000000000
    2.993960380554    1.000000000000
    0.038274012506    1.000000000000
    1.496421933174    1.000000000000
   -0.411089956760    1.000000000000
   -2.181043386459    1.000000000000
   -1.218176722527    1.000000000000
   -0.816440224648    1.000000000000
   -0.754023849964    1.000000000000
   -1.898780941963    1.000000000000
   -2.206462621689    1.000000000000
   -0.260734707117    1.000000000000
   -0.321732938290    1.000000000000
   -0.615578711033    1.000000000000
   -0.957583844662    1.000000000000
   -2.081747770309    1.000000000000
    0.941945672035    1.000000000000
   -1.172417163849    1.000000000000
    0.316393971443    1.000000000000
    0.176284790039    1.000000000000
   -0.135678693652    1.000000000000
    1.152368187904    1.000000000000
   -1.600275039673    1.000000000000
   -0.252055317163    1.000000000000
   -0.583723485470    1.000000000000
   -0.371844738722    1.000000000000
   -0.395931392908    1.000000000000
    0.674793899059    1.000000000000
   -1.213019609451    1.000000000000
   -2.223812341690    1.000000000000
   -0.885881185532    1.000000000000
   -0.205113843083    1.000000000000
    0.346666723490    1.000000000000
   -0.262671768665    1.000000000000
    1.807584047318    1.000000000000
   -0.825896143913    1.000000000000
   -1.216106414795    1.000000000000
   -0.547885894775    1.000000000000
    0.406164407730    1.000000000000
    0.068598434329    1.000000000000
   -1.118689417839    1.000000000000
    0.620915830135    1.000000000000
    0.584195494652    1.000000000000
    0.536089003086    1.000000000000
   -0.948137521744    1.000000000000
   -0.091844320297    1.000000000000
   -1.618203520775    1.000000000000
   -0.294121772051    1.000000000000
   -1.418980121613    1.000000000000
    0.106165841222    1.000000000000
    1.960320234299    1.000000000000
   -1.329554319382    1.000000000000
   -1.499021530151    1.000000000000
   -0.705875217915    1.000000000000
   -2.337869882584    1.000000000000
    1.031342267990    1.000000000000
   -1.454781770706    1.000000000000
   -1.450424790382    1.000000000000
   -0.559419155121    1.000000000000
    0.725953578949    1.000000000000
    0.758989572525    1.000000000000
   -0.210159122944    1.000000000000
    0.457242459059    1.000000000000
   -1.000481605530    1.000000000000
    1.158836603165    1.000000000000
   -0.993820369244    1.000000000000
    0.764501631260    1.000000000000
   -0.433623611927    1.000000000000
    0.330153018236    1.000000000000
   -0.813741683960    1.000000000000
    1.036405801773    1.000000000000
    0.427889853716    1.000000000000
   -0.024517195299    1.000000000000
    0.293145656586    1.000000000000
    1.019196867943    1.000000000000
   -0.192173570395    1.000000000000
   -0.374840945005    1.000000000000
   -0.627389550209    1.000000000000
   -0.232187718153    1.000000000000
   -0.971198558807    1.000000000000
   -0.335990190506    1.000000000000
    1.183433055878    1.000000000000
   -1.515216946602    1.000000000000
    0.877409100533    1.000000000000
   -0.466026633978    1.000000000000
   -0.579170405865    1.000000000000
   -0.689517378807    1.000000000000
   -0.251065701246    1.000000000000
    0.751002788544    1.000000000000
   -0.015525627881    1.000000000000
   -0.907679557800    1.000000000000
   -0.701286971569    1.000000000000
   -0.206679567695    1.000000000000
    0.046390015632    1.000000000000
    0.783903241158    1.000000000000
    0.581136167049    1.000000000000
   -0.975969851017    1.000000000000
   -0.640000939369    1.000000000000
   -1.472962021828    1.000000000000
   -0.796850562096    1.000000000000
   -0.814477980137    1.000000000000
   -0.567355930805    1.000000000000
    0.731385529041    1.000000000000
    0.188564762473    1.000000000000
    1.728094458580    1.000000000000
    0.519832074642    1.000000000000
   -1.086113929749    1.000000000000
   -1.457800149918    1.000000000000
    1.646166801453    1.000000000000
   -0.031484469771    1.000000000000
    0.779665768147    1.000000000000
    0.413828879595    1.000000000000
    1.100725054741    1.000000000000
    1.303403019905    1.000000000000
    2.094522953033    1.000000000000
   -1.065094709396    1.000000000000
   -0.973862588406    1.000000000000
   -0.591921269894    1.000000000000
    1.114553928375    1.000000000000
    0.834004759789    1.000000000000
   -0.213851734996    1.000000000000
    0.353797405958    1.000000000000
   -0.295535475016    1.000000000000
    1.033142924309    1.000000000000
    0.892484545708    1.000000000000
    0.435768365860    1.000000000000
   -0.011137035675    1.000000000000
    0.480213701725    1.000000000000
   -0.297185719013    1.000000000000
    0.779713273048    1.000000000000
    0.286942183971    1.000000000000
   -1.300580978394    1.000000000000
    1.460565447807    1.000000000000
    0.541437923908    1.000000000000
    0.974527478218    1.000000000000
    1.658311724663    1.000000000000
    0.648229360580    1.000000000000
   -0.180810481310    1.000000000000
   -0.812190055847    1.000000000000
   -1.129974365234    1.000000000000
   -0.952042996883    1.000000000000
   -0.000390937814    1.000000000000
    0.256062477827    1.000000000000
   -1.200737833977    1.000000000000
    1.349626421928    1.000000000000
    0.638989388943    1.000000000000
    1.354407429695    1.000000000000
    1.621759653091    1.000000000000
   -1.282644271851    1.000000000000
    0.308947265148    1.000000000000
   -0.382960051298    1.000000000000
    0.044001609087    1.000000000000
    1.457183957100    1.000000000000
   -1.449655175209    1.000000000000
    1.640671610832    1.000000000000
   -0.306481331587    1.000000000000
   -1.276114225388    1.000000000000
    2.130849599838    1.000000000000
   -0.505900800228    1.000000000000
   -0.621300995350    1.000000000000
   -0.713051617146    1.000000000000
    0.575206756592    1.000000000000
   -0.189239129424    1.000000000000
    0.660030961037    1.000000000000
   -0.252903461456    1.000000000000
   -0.367626368999    1.000000000000
    0.521739602089    1.000000000000
    0.426186412573    1.000000000000
    0.241842269897    1.000000000000
   -0.135502159595    1.000000000000
    0.102345399559    1.000000000000
    0.201486125588    1.000000000000
    1.590647935867    1.000000000000
    0.698515474796    1.000000000000
    1.143120765686    1.000000000000
   -0.460666447878    1.000000000000
   -1.493933439255    1.000000000000
    2.282892227173    1.000000000000
   -0.114703297615    1.000000000000
   -0.379307955503    1.000000000000
   -0.852054893970    1.000000000000
    0.104308262467    1.000000000000
   -0.674819767475    1.000000000000
    0.243373796344    1.000000000000
    0.754936695099    1.000000000000
    0.907907903194    1.000000000000
    0.980225741863    1.000000000000
    0.594263732433    1.000000000000
   -0.558847427368    1.000000000000
    2.296651601791    1.000000000000
   -2.022365570068    1.000000000000
   -1.016955733299    1.000000000000
   -0.709648430347    1.000000000000
   -1.486296653748    1.000000000000
    0.240582540631    1.000000000000
    0.323955088854    1.000000000000
   -1.768122553825    1.000000000000
   -1.355048179626    1.000000000000
    1.108946442604    1.000000000000
   -2.619109630585    1.000000000000
    0.061854839325    1.000000000000
   -0.267960667610    1.000000000000
   -1.134854555130    1.000000000000
    0.242039501667    1.000000000000
   -0.803843379021    1.000000000000
    0.655140995979    1.000000000000
    0.389964640141    1.000000000000
    0.217621833086    1.000000000000
   -0.030564378947    1.000000000000
   -1.165763020515    1.000000000000
   -0.512858450413    1.000000000000
   -0.652760207653    1.000000000000
    0.570666730404    1.000000000000
   -1.487047076225    1.000000000000
   -0.227779760957    1.000000000000
    0.178838178515    1.000000000000
    0.116214573383    1.000000000000
    1.732020258904    1.000000000000
    0.207070708275    1.000000000000
   -0.119196102023    1.000000000000
    0.075258530676    1.000000000000
   -0.046248976141    1.000000000000
    0.935086309910    1.000000000000
    0.927171766758    1.000000000000
   -0.916642427444    1.000000000000
    1.647175669670    1.000000000000
   -0.565081715584    1.000000000000
   -1.454823851585    1.000000000000
   -1.895883083344    1.000000000000
    0.562984526157    1.000000000000
    0.441267967224    1.000000000000
   -0.342281371355    1.000000000000
    2.682468414307    1.000000000000
   -0.926030099392    1.000000000000
   -0.581894040108    1.000000000000
   -1.326082825661    1.000000000000
    1.220239758492    1.000000000000
   -0.817843616009    1.000000000000
   -0.520435154438    1.000000000000
    1.272618055344    1.000000000000
    0.481814593077    1.000000000000
   -0.793732821941    1.000000000000
    0.917255282402    1.000000000000
   -0.340529739857    1.000000000000
    0.203411117196    1.000000000000
    0.165463313460    1.000000000000
    0.764423489571    1.000000000000
   -0.738279283047    1.000000000000
    0.216255202889    1.000000000000
    0.134379327297    1.000000000000
   -0.087721846998    1.000000000000
   -0.018372664228    1.000000000000
    0.946485161781    1.000000000000
   -0.474381834269    1.000000000000
   -0.174182906747    1.000000000000
   -0.274997502565    1.000000000000
    0.452120035887    1.000000000000
   -1.033980965614    1.000000000000
    0.622527480125    1.000000000000
   -1.094850540161    1.000000000000
   -0.194875642657    1.000000000000
   -0.171712294221    1.000000000000
    0.246832504869    1.000000000000
   -0.808312594891    1.000000000000
    0.266226351261    1.000000000000
    0.716038525105    1.000000000000
   -1.746460556984    1.000000000000
    0.171143040061    1.000000000000
   -0.590229928493    1.000000000000
    1.485182523727    1.000000000000
   -0.615703880787    1.000000000000
    1.170896768570    1.000000000000
   -0.069494612515    1.000000000000
   -0.189388975501    1.000000000000
   -0.089513227344    1.000000000000
    0.240430921316    1.000000000000
    1.201447248459    1.000000000000
   -1.946304917336    1.000000000000
   -0.219664588571    1.000000000000
    0.246044293046    1.000000000000
   -1.040881395340    1.000000000000
    0.398926109076    1.000000000000
    0.470115721226    1.000000000000
   -1.167070150375    1.000000000000
   -0.871468722820    1.000000000000
    1.049230575562    1.000000000000
   -1.851962804794    1.000000000000
    1.411048650742    1.000000000000
    1.898676872253    1.000000000000
    1.397808074951    1.000000000000
   -0.311106771231    1.000000000000
    0.323730349541    1.000000000000
   -0.893259406090    1.000000000000
    0.174795195460    1.000000000000
    0.865066289902    1.000000000000
   -0.748259365559    1.000000000000
   -0.808036088943    1.000000000000
   -1.564509749413    1.000000000000
   -0.311618775129    1.000000000000
    0.725745260715    1.000000000000
   -0.998198568821    1.000000000000
    0.323736131191    1.000000000000
   -0.712344527245    1.000000000000
    0.175460860133    1.000000000000
   -0.104379907250    1.000000000000
   -1.478961586952    1.000000000000
   -0.243369266391    1.000000000000
   -1.699506759644    1.000000000000
    0.873814165592    1.000000000000
    0.172655925155    1.000000000000
   -1.187866926193    1.000000000000
   -0.112813234329    1.000000000000
    1.502842068672    1.000000000000
   -0.094432175159    1.000000000000
   -0.663970530033    1.000000000000
    0.355616599321    1.000000000000
    0.183694943786    1.000000000000
    0.397451251745    1.000000000000
   -0.606852889061    1.000000000000
   -0.758032619953    1.000000000000
   -0.296375751495    1.000000000000
   -0.025797899812    1.000000000000
    0.553529560566    1.000000000000
    0.356209188700    1.000000000000
   -0.593659043312    1.000000000000
   -0.913792729378    1.000000000000
    0.110086038709    1.000000000000
   -0.250671982765    1.000000000000
    0.290701836348    1.000000000000
    1.292294502258    1.000000000000
   -0.623773813248    1.000000000000
   -0.930520057678    1.000000000000
    1.689581751823    1.000000000000
    0.660344541073    1.000000000000
    0.867612719536    1.000000000000
   -0.942184507847    1.000000000000
   -1.570206284523    1.000000000000
    0.826576888561    1.000000000000
   -0.388043165207    1.000000000000
    1.637143135071    1.000000000000
   -0.236008927226    1.000000000000
   -0.295924603939    1.000000000000
    0.775202035904    1.000000000000
   -0.865511059761    1.000000000000
    0.750396966934    1.000000000000
    0.740286886692    1.000000000000
   -1.244693398476    1.000000000000
   -2.741671085358    1.000000000000
    2.111340284348    1.000000000000
   -0.569128453732    1.000000000000
    1.531763195992    1.000000000000
   -2.001588344574    1.000000000000
    1.561008930206    1.000000000000
   -0.104307182133    1.000000000000
    0.186271801591    1.000000000000
   -0.515569567680    1.000000000000
    0.176979064941    1.000000000000
    1.266513228416    1.000000000000
   -0.015090296045    1.000000000000
    0.830176889896    1.000000000000
   -0.064167365432    1.000000000000
    1.183537960052    1.000000000000
   -0.690407454967    1.000000000000
    0.245589226484    1.000000000000
   -1.945366144180    1.000000000000
    0.289228379726    1.000000000000
    0.385878652334    1.000000000000
    0.474183350801    1.000000000000
   -0.121798671782    1.000000000000
   -1.872948408127    1.000000000000
    1.906350970268    1.000000000000
    0.069790460169    1.000000000000
    0.346878796816    1.000000000000
    0.512741327286    1.000000000000
   -0.378845244646    1.000000000000
    0.020960904658    1.000000000000
   -0.549006998539    1.000000000000
   -0.839348495007    1.000000000000
    0.485345989466    1.000000000000
   -0.833535432816    1.000000000000
    1.492149233818    1.000000000000
   -0.311693519354    1.000000000000
    1.188773989677    1.000000000000
   -0.432204723358    1.000000000000
    0.591081380844    1.000000000000
   -1.139869809151    1.000000000000
    1.601691842079    1.000000000000
    1.295989036560    1.000000000000
   -0.413217335939    1.000000000000
    0.017510378733    1.000000000000
    1.324138641357    1.000000000000
   -0.582659363747    1.000000000000
   -2.096207618713    1.000000000000
    1.167814493179    1.000000000000
   -0.656198740005    1.000000000000
   -1.045141935349    1.000000000000
   -1.462774276733    1.000000000000
   -1.408287644386    1.000000000000
   -0.102367565036    1.000000000000
   -0.332244068384    1.000000000000
   -1.537434935570    1.000000000000
   -1.710099697113    1.000000000000
    1.135734677315    1.000000000000
    0.641167759895    1.000000000000
   -0.708474993706    1.000000000000
    0.005921319593    1.000000000000
   -0.495802700520    1.000000000000
   -0.230862870812    1.000000000000
   -1.176254391670    1.000000000000
    2.381567478180    1.000000000000
    0.192144125700    1.000000000000
   -0.942336738110    1.000000000000
   -0.457600057125    1.000000000000
    0.609469592571    1.000000000000
   -1.178096055984    1.000000000000
    0.827635288239    1.000000000000
   -0.677650690079    1.000000000000
    1.628672719002    1.000000000000
    1.123968362808    1.000000000000
    0.096486933529    1.000000000000
   -0.812270998955    1.000000000000
    1.151852130890    1.000000000000
   -1.175413966179    1.000000000000
    0.172789841890    1.000000000000
   -0.117348067462    1.000000000000
    1.092756390572    1.000000000000
    1.978437066078    1.000000000000
   -2.974050045013    1.000000000000
    0.730439245701    1.000000000000
    1.184990763664    1.000000000000
    0.486080586910    1.000000000000
    0.475409388542    1.000000000000
    1.322419881821    1.000000000000
   -0.251159191132    1.000000000000
    0.084295503795    1.000000000000
   -1.040778398514    1.000000000000
   -0.266367107630    1.000000000000
   -0.878516256809    1.000000000000
   -0.476649969816    1.000000000000
    1.065296173096    1.000000000000
    0.330263406038    1.000000000000
    0.183649346232    1.000000000000
   -0.657063961029    1.000000000000
    0.183521062136    1.000000000000
   -0.185409665108    1.000000000000
    0.544500112534    1.000000000000
    0.243472993374    1.000000000000
    0.140613913536    1.000000000000
   -0.651925444603    1.000000000000
    0.894110620022    1.000000000000
   -0.217500492930    1.000000000000
    1.324245929718    1.000000000000
   -1.823966145515    1.000000000000
   -0.264046072960    1.000000000000
   -0.035240858793    1.000000000000
    0.733883380890    1.000000000000
   -2.162089586258    1.000000000000
    0.410994678736    1.000000000000
    0.374110013247    1.000000000000
    0.650951325893    1.000000000000
    0.470688164234    1.000000000000
   -0.150830239058    1.000000000000
   -0.488485515118    1.000000000000
   -0.281992912292    1.000000000000
    0.107080101967    1.000000000000
    0.594085276127    1.000000000000
   -0.848070204258    1.000000000000
    1.294742465019    1.000000000000
   -0.027159467340    1.000000000000
    1.357699513435    1.000000000000
   -0.779348015785    1.000000000000
    1.216091513634    1.000000000000
    1.057203292847    1.000000000000
   -1.280737400055    1.000000000000
   -0.960958957672    1.000000000000
   -0.410976111889    1.000000000000
    0.142864659429    1.000000000000
   -0.613806784153    1.000000000000
    0.216757103801    1.000000000000
   -0.559869229794    1.000000000000
    0.875634551048    1.000000000000
   -0.550187706947    1.000000000000
   -0.448199838400    1.000000000000
   -1.625687003136    1.000000000000
    0.825048387051    1.000000000000
   -0.495467185974    1.000000000000
   -0.762697160244    1.000000000000
    2.088200092316    1.000000000000
   -0.224604398012    1.000000000000
   -0.478996664286    1.000000000000
    0.617254018784    1.000000000000
   -0.156505718827    1.000000000000
    0.133241832256    1.000000000000
   -0.434764415026    1.000000000000
    0.095469817519    1.000000000000
    0.659009814262    1.000000000000
   -0.380173712969    1.000000000000
    2.721867799759    1.000000000000
   -0.934112131596    1.000000000000
   -0.918590128422    1.000000000000
   -1.142699718475    1.000000000000
   -1.075096845627    1.000000000000
   -2.554222822189    1.000000000000
   -0.342430919409    1.000000000000
   -0.625859856606    1.000000000000
    1.057386398315    1.000000000000
    0.378189712763    1.000000000000
    1.180851697922    1.000000000000
   -0.746941030025    1.000000000000
   -1.583334088326    1.000000000000
    0.091668315232    1.000000000000
    1.159051656723    1.000000000000
    0.096326373518    1.000000000000
    0.001210684422    1.000000000000
   -0.018227823079    1.000000000000
    0.891236901283    1.000000000000
   -0.280474066734    1.000000000000
   -0.153376609087    1.000000000000
   -1.173735380173    1.000000000000
   -1.097048282623    1.000000000000
    0.877611696720    1.000000000000
    0.389656335115    1.000000000000
   -1.329706668854    1.000000000000
   -0.719012260437    1.000000000000
    1.204699754715    1.000000000000
    0.476829320192    1.000000000000
    0.863590717316    1.000000000000
    2.822741985321    1.000000000000
   -0.010062834248    1.000000000000
   -1.700630068779    1.000000000000
    0.642076730728    1.000000000000
    0.439627408981    1.000000000000
   -0.030587613583    1.000000000000
    0.969590365887    1.000000000000
   -0.986458361149    1.000000000000
    1.075605630875    1.000000000000
    0.150256499648    1.000000000000
    0.791043162346    1.000000000000
   -0.447425216436    1.000000000000
    0.088197305799    1.000000000000
    1.635623693466    1.000000000000
    0.137884289026    1.000000000000
    0.851202905178    1.000000000000
   -1.167120099068    1.000000000000
   -1.285163521767    1.000000000000
    0.191925093532    1.000000000000
   -0.090952843428    1.000000000000
   -0.781625807285    1.000000000000
    0.944056510925    1.000000000000
   -0.208505570889    1.000000000000
    1.076140761375    1.000000000000
   -0.765440642834    1.000000000000
   -2.453450679779    1.000000000000
   -0.945764720440    1.000000000000
    0.140341237187    1.000000000000
   -0.370177358389    1.000000000000
    0.275468528271    1.000000000000
    0.332101434469    1.000000000000
   -2.115327119827    1.000000000000
    0.659863710403    1.000000000000
    0.020658120513    1.000000000000
   -0.703934669495    1.000000000000
    0.199957713485    1.000000000000
    0.407251268625    1.000000000000
   -1.746484041214    1.000000000000
   -1.326819896698    1.000000000000
   -0.008847825229    1.000000000000
    0.075877234340    1.000000000000
    0.866714537144    1.000000000000
    1.949206352234    1.000000000000
   -0.671029567719    1.000000000000
   -0.929197192192    1.000000000000
    0.651625692844    1.000000000000
   -0.215858712792    1.000000000000
    0.639293432236    1.000000000000
    1.354376912117    1.000000000000
   -1.160839796066    1.000000000000
    0.708852887154    1.000000000000
    0.500685632229    1.000000000000
   -0.667835295200    1.000000000000
   -0.140126183629    1.000000000000
    0.969822883606    1.000000000000
   -0.188037186861    1.000000000000
    0.029911655933    1.000000000000
   -0.252464860678    1.000000000000
   -1.215665340424    1.000000000000
    1.432862758636    1.000000000000
    0.265382826328    1.000000000000
    1.544321060181    1.000000000000
   -0.244320735335    1.000000000000
    0.965891957283    1.000000000000
   -0.756513595581    1.000000000000
   -0.804139852524    1.000000000000
   -1.038607597351    1.000000000000
    1.026545643806    1.000000000000
   -1.528955340385    1.000000000000
   -0.216699585319    1.000000000000
    1.797539234161    1.000000000000
   -2.129867315292    1.000000000000
    1.059456825256    1.000000000000
    1.558336615562    1.000000000000
    1.221081972122    2.000000000000
    0.974440932274    2.000000000000
    0.746891856194    2.000000000000
    1.139497280121    2.000000000000
   -0.469941258430    2.000000000000
    0.828684508801    2.000000000000
   -0.324740469456    2.000000000000
    0.494765728712    2.000000000000
    0.360158979893    2.000000000000
    1.387129306793    2.000000000000
    1.421610116959    2.000000000000
    1.546605944633    2.000000000000
    0.247643679380    2.000000000000
    0.659970760345    2.000000000000
   -0.711914062500    2.000000000000
   -0.087689280510    2.000000000000
   -0.115309357643    2.000000000000
    0.465477794409    2.000000000000
    0.253406912088    2.000000000000
    1.286021828651    2.000000000000
   -1.746788501740    2.000000000000
    0.249704092741    2.000000000000
   -0.995069980621    2.000000000000
    0.136917144060    2.000000000000
    1.703633666039    2.000000000000
   -0.182236909866    2.000000000000
    1.697806119919    2.000000000000
    1.161786079407    2.000000000000
    0.701246678829    2.000000000000
   -1.928875923157    2.000000000000
   -0.161006212234    2.000000000000
    1.218632459641    2.000000000000
    1.439959645271    2.000000000000
   -0.414702892303    2.000000000000
    0.836996197701    2.000000000000
   -0.074917256832    2.000000000000
    0.385589599609    2.000000000000
    2.598687171936    2.000000000000
    0.300147354603    2.000000000000
   -2.508649826050    2.000000000000
    0.503167331219    2.000000000000
    1.004806041718    2.000000000000
   -0.049044668674    2.000000000000
   -1.472838997841    2.000000000000
    1.214598417282    2.000000000000
    0.301850497723    2.000000000000
   -0.057580590248    2.000000000000
   -0.323859691620    2.000000000000
    0.701342046261    2.000000000000
    0.965377986431    2.000000000000
   -0.401235818863    2.000000000000
    0.620752632618    2.000000000000
   -0.077754437923    2.000000000000
   -0.720272421837    2.000000000000
    0.662207961082    2.000000000000
    0.208824008703    2.000000000000
    1.378191471100    2.000000000000
    1.077067136765    2.000000000000
    0.653907179832    2.000000000000
    0.855599105358    2.000000000000
    0.887725949287    2.000000000000
    1.136251449585    2.000000000000
    2.002270698547    2.000000000000
    0.069120049477    2.000000000000
    1.133124709129    2.000000000000
    1.814590573311    2.000000000000
   -1.709648847580    2.000000000000
    0.543830931187    2.000000000000
    0.503991127014    2.000000000000
   -0.743517756462    2.000000000000
    0.941510260105    2.000000000000
    0.525875151157    2.000000000000
   -0.391727387905    2.000000000000
   -0.755870342255    2.000000000000
    1.871679186821    2.000000000000
    1.092266321182    2.000000000000
    1.628400087357    2.000000000000
    0.289964914322    2.000000000000
    1.186674594879    2.000000000000
    0.496702224016    2.000000000000
   -0.686641693115    2.000000000000
    1.047666311264    2.000000000000
    0.715777993202    2.000000000000
   -0.436101853848    2.000000000000
    0.303825676441    2.000000000000
    1.384640455246    2.000000000000
   -2.713447570801    2.000000000000
    1.120210886002    2.000000000000
   -0.312317371368    2.000000000000
    0.140015214682    2.000000000000
    1.992025256157    2.000000000000
   -0.475310146809    2.000000000000
   -2.197465419769    2.000000000000
    0.525770902634    2.000000000000
    0.326036363840    2.000000000000
   -0.625252246857    2.000000000000
   -0.475175142288    2.000000000000
    2.416960954666    2.000000000000
    0.108294606209    2.000000000000
    0.315605223179    2.000000000000
    1.230046033859    2.000000000000
    1.281320810318    2.000000000000
   -0.234078764915    2.000000000000
   -0.679178714752    2.000000000000
   -0.794337987900    2.000000000000
    0.672865808010    2.000000000000
    1.243448853493    2.000000000000
   -0.668171882629    2.000000000000
   -0.056801676750    2.000000000000
   -0.099175155163    2.000000000000
    1.287029266357    2.000000000000
   -1.798809528351    2.000000000000
   -0.745285034180    2.000000000000
    1.631901502609    2.000000000000
    1.074631214142    2.000000000000
    0.519319057465    2.000000000000
    1.765051484108    2.000000000000
   -1.099874973297    2.000000000000
    0.584343850613    2.000000000000
    2.733420133591    2.000000000000
    1.660300970078    2.000000000000
    1.227414131165    2.000000000000
   -1.032060265541    2.000000000000
    0.868806719780    2.000000000000
    1.928194642067    2.000000000000
    1.906024098396    2.000000000000
    1.939052343369    2.000000000000
    0.995307922363    2.000000000000
    0.647931993008    2.000000000000
   -0.202696442604    2.000000000000
   -0.425669372082    2.000000000000
   -0.508187651634    2.000000000000
   -0.638000965118    2.000000000000
    0.589812815189    2.000000000000
    1.500857353210    2.000000000000
   -0.290992975235    2.000000000000
   -0.009049654007    2.000000000000
   -0.546516180038    2.000000000000
    1.960285186768    2.000000000000
    2.395093679428    2.000000000000
    0.272657811642    2.000000000000
   -0.037262737751    2.000000000000
    0.104513794184    2.000000000000
    0.022143959999    2.000000000000
    0.801368832588    2.000000000000
   -1.342105746269    2.000000000000
    0.710295915604    2.000000000000
    0.273788869381    2.000000000000
    0.428235471249    2.000000000000
   -0.000256597996    2.000000000000
    1.344381928444    2.000000000000
    0.409404695034    2.000000000000
    2.457257747650    2.000000000000
   -1.629812955856    2.000000000000
   -0.430489838123    2.000000000000
    0.197815924883    2.000000000000
    0.645606756210    2.000000000000
    1.056061625481    2.000000000000
    1.139915466309    2.000000000000
   -0.949931502342    2.000000000000
    0.589674830437    2.000000000000
    0.604878187180    2.000000000000
    0.540502667427    2.000000000000
    0.462982773781    2.000000000000
    0.268835902214    2.000000000000
    0.616210162640    2.000000000000
   -0.053773581982    2.000000000000
    0.402400016785    2.000000000000
   -0.321962594986    2.000000000000
    0.973524332047    2.000000000000
    0.530773758888    2.000000000000
    0.564422011375    2.000000000000
   -0.287758588791    2.000000000000
    0.630528032780    2.000000000000
    2.255205154419    2.000000000000
    0.352686643600    2.000000000000
    1.012122392654    2.000000000000
   -1.165937066078    2.000000000000
    0.427073359489    2.000000000000
    1.227543115616    2.000000000000
    0.662731707096    2.000000000000
    0.011949658394    2.000000000000
    1.542111754417    2.000000000000
    0.622130513191    2.000000000000
    2.175236701965    2.000000000000
    0.496787667274    2.000000000000
    0.096584260464    2.000000000000
    2.121815204620    2.000000000000
   -0.432548940182    2.000000000000
    0.253922760487    2.000000000000
    0.212398558855    2.000000000000
    1.425215959549    2.000000000000
    1.095011472702    2.000000000000
    1.465490579605    2.000000000000
   -0.706567406654    2.000000000000
    3.755402326584    2.000000000000
    1.081691741943    2.000000000000
    0.787518680096    2.000000000000
    0.012250840664    2.000000000000
    2.306580066681    2.000000000000
   -0.348814427853    2.000000000000
    0.564751386642    2.000000000000
    0.887891888618    2.000000000000
   -0.805148601532    2.000000000000
    0.963984131813    2.000000000000
    0.085056245327    2.000000000000
    2.399650573730    2.000000000000
    1.013885855675    2.000000000000
   -3.462514638901    2.000000000000
   -2.121274709702    2.000000000000
   -0.612504124641    2.000000000000
   -1.906088590622    2.000000000000
   -0.693540334702    2.000000000000
    2.215433120728    2.000000000000
    0.786424696445    2.000000000000
    0.535604059696    2.000000000000
    0.633807361126    2.000000000000
    0.235692769289    2.000000000000
    0.171079188585    2.000000000000
    1.383112668991    2.000000000000
    0.072876930237    2.000000000000
    1.948899388313    2.000000000000
   -0.175056576729    2.000000000000
    0.606770277023    2.000000000000
    0.788652420044    2.000000000000
    0.986305534840    2.000000000000
    1.537308812141    2.000000000000
    0.682438910007    2.000000000000
    0.953082323074    2.000000000000
    1.709139943123    2.000000000000
    0.703502416611    2.000000000000
    0.154039531946    2.000000000000
    0.290717303753    2.000000000000
    1.439418315887    2.000000000000
    1.019563913345    2.000000000000
    1.805490255356    2.000000000000
    0.126798629761    2.000000000000
    0.539192736149    2.000000000000
   -0.585636138916    2.000000000000
    0.714555501938    2.000000000000
   -0.409529745579    2.000000000000
    1.074037313461    2.000000000000
    1.947773814201    2.000000000000
    1.801868319511    2.000000000000
    0.686368644238    2.000000000000
    1.742638111115    2.000000000000
    1.928866863251    2.000000000000
   -0.307917892933    2.000000000000
    1.056314468384    2.000000000000
   -0.273465633392    2.000000000000
    1.258624315262    2.000000000000
    1.596361398697    2.000000000000
    0.588500499725    2.000000000000
   -0.493576943874    2.000000000000
   -0.447466611862    2.000000000000
   -0.357933521271    2.000000000000
    1.432358741760    2.000000000000
    0.627111554146    2.000000000000
    0.369570016861    2.000000000000
    0.048595100641    2.000000000000
    0.300836384296    2.000000000000
    1.850134849548    2.000000000000
   -0.053643822670    2.000000000000
    1.578666687012    2.000000000000
   -0.598499894142    2.000000000000
    0.055173367262    2.000000000000
    1.213387846947    2.000000000000
    1.138613939285    2.000000000000
    0.881097793579    2.000000000000
    0.311981856823    2.000000000000
    2.736490488052    2.000000000000
    0.046466022730    2.000000000000
    0.301641285419    2.000000000000
   -0.202604770660    2.000000000000
   -0.903489947319    2.000000000000
    0.407907068729    2.000000000000
    0.801331520081    2.000000000000
   -0.719270944595    2.000000000000
   -0.364709436893    2.000000000000
    0.283287584782    2.000000000000
    0.463858783245    2.000000000000
   -0.341654121876    2.000000000000
   -0.137470066547    2.000000000000
    0.315126955509    2.000000000000
    1.062588453293    2.000000000000
    0.319629430771    2.000000000000
   -0.438790798187    2.000000000000
    0.239923030138    2.000000000000
   -0.750488877296    2.000000000000
    2.050924301147    2.000000000000
    0.655203819275    2.000000000000
    2.244900226593    2.000000000000
    2.047460556030    2.000000000000
   -0.329582691193    2.000000000000
   -0.942635297775    2.000000000000
    1.525950431824    2.000000000000
    1.397269487381    2.000000000000
    1.233104467392    2.000000000000
   -0.605312705040    2.000000000000
    0.691127896309    2.000000000000
    0.512749791145    2.000000000000
    0.232746481895    2.000000000000
    0.416136592627    2.000000000000
   -0.933288812637    2.000000000000
    1.187384247780    2.000000000000
    0.929041028023    2.000000000000
   -1.087411046028    2.000000000000
   -0.037823915482    2.000000000000
   -0.564267754555    2.000000000000
    1.290959239006    2.000000000000
   -0.165599822998    2.000000000000
    0.379728317261    2.000000000000
    0.923404097557    2.000000000000
    0.205892801285    2.000000000000
    2.169561862946    2.000000000000
    0.320591062307    2.000000000000
   -1.036696195602    2.000000000000
   -0.946074962616    2.000000000000
    0.539658844471    2.000000000000
    0.978017628193    2.000000000000
   -0.142686426640    2.000000000000
   -0.245464086533    2.000000000000
    2.941406250000    2.000000000000
   -0.778598427773    2.000000000000
    0.104150235653    2.000000000000
   -1.148272156715    2.000000000000
    0.074194014072    2.000000000000
    1.710815072060    2.000000000000
   -0.724515438080    2.000000000000
   -0.205658376217    2.000000000000
    0.017007887363    2.000000000000
   -0.537201285362    2.000000000000
    0.919184088707    2.000000000000
    0.854711651802    2.000000000000
   -0.980441808701    2.000000000000
   -1.990285873413    2.000000000000
    0.350531935692    2.000000000000
    1.404085516930    2.000000000000
    0.099530428648    2.000000000000
    1.721306920052    2.000000000000
   -0.752229332924    2.000000000000
    2.039853811264    2.000000000000
    0.948197722435    2.000000000000
    1.711911082268    2.000000000000
    1.542570948601    2.000000000000
    0.778632521629    2.000000000000
    0.708752632141    2.000000000000
    0.455510973930    2.000000000000
    1.120644569397    2.000000000000
    1.129316449165    2.000000000000
    2.125252008438    2.000000000000
    0.409123659134    2.000000000000
   -0.600683093071    2.000000000000
   -1.688838243484    2.000000000000
   -0.138354003429    2.000000000000
    0.410244405270    2.000000000000
    0.125373095274    2.000000000000
    1.012506008148    2.000000000000
    0.173963040113    2.000000000000
    0.610284566879    2.000000000000
   -0.895423889160    2.000000000000
    0.221638083458    2.000000000000
    0.335066914558    2.000000000000
   -0.360551178455    2.000000000000
    0.776459217072    2.000000000000
    1.957710027695    2.000000000000
   -0.080614089966    2.000000000000
    1.787214279175    2.000000000000
    1.433621764183    2.000000000000
    0.859748303890    2.000000000000
    1.763106465340    2.000000000000
   -1.207184553146    2.000000000000
   -0.879251003265    2.000000000000
    1.444629192352    2.000000000000
    0.218474507332    2.000000000000
   -0.267118453979    2.000000000000
   -0.242429137230    2.000000000000
    1.369659185410    2.000000000000
    0.478133082390    2.000000000000
    1.321813344955    2.000000000000
    0.157859414816    2.000000000000
    0.134242534637    2.000000000000
    0.149925619364    2.000000000000
    0.002492040396    2.000000000000
    0.837553501129    2.000000000000
    0.349844425917    2.000000000000
    0.956321179867    2.000000000000
    0.302953392267    2.000000000000
   -1.068242311478    2.000000000000
   -0.363814115524    2.000000000000
    0.582360625267    2.000000000000
    0.437374442816    2.000000000000
    1.575881361961    2.000000000000
    1.489784479141    2.000000000000
    1.172797918320    2.000000000000
   -0.469708561897    2.000000000000
   -0.185030877590    2.000000000000
    0.031940460205    2.000000000000
   -0.029376506805    2.000000000000
    0.354009479284    2.000000000000
   -0.131521940231    2.000000000000
   -1.107758641243    2.000000000000
    0.716514527798    2.000000000000
    1.290474653244    2.000000000000
    1.143236637115    2.000000000000
   -0.400722205639    2.000000000000
    1.217182993889    2.000000000000
    1.203449368477    2.000000000000
    1.925331592560    2.000000000000
    0.899934709072    2.000000000000
   -0.676058053970    2.000000000000
   -0.061690211296    2.000000000000
    1.493273615837    2.000000000000
    0.605094730854    2.000000000000
    0.102788478136    2.000000000000
    1.348123311996    2.000000000000
    1.935677766800    2.000000000000
   -0.212205886841    2.000000000000
    0.660142779350    2.000000000000
   -0.976004481316    2.000000000000
   -0.469636857510    2.000000000000
   -0.064053952694    2.000000000000
    0.036180764437    2.000000000000
   -0.941854119301    2.000000000000
    0.410491377115    2.000000000000
    0.618181586266    2.000000000000
   -0.034404695034    2.000000000000
    0.658377766609    2.000000000000
    0.264843702316    2.000000000000
    1.480599641800    2.000000000000
   -1.397594451904    2.000000000000
    1.192196130753    2.000000000000
    2.053103446960    2.000000000000
    1.962521433830    2.000000000000
    2.036518096924    2.000000000000
    0.440998792648    2.000000000000
   -0.503047585487    2.000000000000
    0.852174282074    2.000000000000
    0.087661921978    2.000000000000
   -0.430631637573    2.000000000000
    0.314503669739    2.000000000000
    0.706009984016    2.000000000000
   -0.621278643608    2.000000000000
   -1.688817024231    2.000000000000
    0.973541498184    2.000000000000
    0.494220197201    2.000000000000
    0.635326504707    2.000000000000
    0.764396905899    2.000000000000
    2.481411933899    2.000000000000
    0.866962552071    2.000000000000
    2.623860120773    2.000000000000
    2.104413509369    2.000000000000
   -0.691549301147    2.000000000000
   -0.384234011173    2.000000000000
    1.307151079178    2.000000000000
    1.293761968613    2.000000000000
    0.249331235886    2.000000000000
    2.033742904663    2.000000000000
   -0.220668852329    2.000000000000
    1.250915527344    2.000000000000
    1.614480257034    2.000000000000
    0.058915108442    2.000000000000
    0.260379761457    2.000000000000
   -0.275344491005    2.000000000000
    0.935600340366    2.000000000000
    1.106101036072    2.000000000000
    0.841543555260    2.000000000000
    1.164977550507    2.000000000000
   -1.275073528290    2.000000000000
    3.073677778244    2.000000000000
    1.060850143433    2.000000000000
    1.082899808884    2.000000000000
   -0.993611216545    2.000000000000
    1.544951677322    2.000000000000
    0.315238207579    2.000000000000
    1.845004200935    2.000000000000
    0.987989485264    2.000000000000
    2.893075466156    2.000000000000
    1.643867969513    2.000000000000
    2.097025871277    2.000000000000
    0.388918459415    2.000000000000
    2.250146389008    2.000000000000
    1.021774530411    2.000000000000
   -0.026906132698    2.000000000000
   -0.837045550346    2.000000000000
    0.233278393745    2.000000000000
   -0.381365656853    2.000000000000
   -0.231384873390    2.000000000000
    2.261268615723    2.000000000000
    1.121026992798    2.000000000000
   -0.740179896355    2.000000000000
   -0.071336328983    2.000000000000
    1.882789731026    2.000000000000
   -1.038810372353    2.000000000000
   -0.432616174221    2.000000000000
   -0.294842183590    2.000000000000
    1.037323951721    2.000000000000
   -0.656686067581    2.000000000000
    1.234413385391    2.000000000000
    3.648036718369    2.000000000000
    0.294861495495    2.000000000000
    0.724186420441    2.000000000000
    1.035480260849    2.000000000000
    3.465471744537    2.000000000000
    0.104935139418    2.000000000000
    0.383722662926    2.000000000000
    0.836863040924    2.000000000000
    1.721149921417    2.000000000000
    0.204760342836    2.000000000000
    0.530818343163    2.000000000000
    0.963844895363    2.000000000000
   -1.332485198975    2.000000000000
   -0.511474251747    2.000000000000
    0.594227671623    2.000000000000
    0.332210123539    2.000000000000
    0.139801174402    2.000000000000
    1.153073072433    2.000000000000
    1.562638282776    2.000000000000
   -0.811459541321    2.000000000000
    1.413533568382    2.000000000000
    0.319020688534    2.000000000000
    0.128885984421    2.000000000000
    0.646028041840    2.000000000000
    0.914865612984    2.000000000000
   -0.074149847031    2.000000000000
   -1.303719520569    2.000000000000
    0.568846344948    2.000000000000
    1.372142076492    2.000000000000
    1.050021648407    2.000000000000
    0.791931629181    2.000000000000
    0.536880612373    2.000000000000
    1.336275219917    2.000000000000
   -0.037158668041    2.000000000000
    0.818903446198    2.000000000000
    1.907679200172    2.000000000000
   -0.469264090061    2.000000000000
   -1.043308734894    2.000000000000
   -0.329644143581    2.000000000000
   -0.253369569778    2.000000000000
    0.199092566967    2.000000000000
    1.086921691895    2.000000000000
   -0.392634332180    2.000000000000
    1.075729250908    2.000000000000
   -0.474712967873    2.000000000000
   -0.590486049652    2.000000000000
    2.676886558533    2.000000000000
    0.593325376511    2.000000000000
    1.069754719734    2.000000000000
    0.261018991470    2.000000000000
   -0.693597555161    2.000000000000
    1.158967733383    2.000000000000
    0.509734809399    2.000000000000
    0.472533822060    2.000000000000
   -0.084631860256    2.000000000000
   -0.349194467068    2.000000000000
   -0.325817704201    2.000000000000
   -0.482518315315    2.000000000000
   -0.056859135628    2.000000000000
    0.796679556370    2.000000000000
   -0.189843595028    2.000000000000
    0.828488528728    2.000000000000
   -0.259336173534    2.000000000000
    0.200573682785    2.000000000000
   -0.587247252464    2.000000000000
    1.117791652679    2.000000000000
    1.912659645081    2.000000000000
   -0.029991686344    2.000000000000
    1.893076419830    2.000000000000
   -1.478858351707    2.000000000000
   -0.752327084541    2.000000000000
    0.500295341015    2.000000000000
    1.055174708366    2.000000000000
    0.234204381704    2.000000000000
    0.574654877186    2.000000000000
    0.848146200180    2.000000000000
   -0.852609515190    2.000000000000
    0.749212980270    2.000000000000
    0.439225524664    2.000000000000
   -1.285638213158    2.000000000000
    0.088284254074    2.000000000000
    0.883799314499    2.000000000000
    1.162779092789    2.000000000000
    1.793989658356    2.000000000000
    1.196919083595    2.000000000000
    0.712751567364    2.000000000000
    2.156110763550    2.000000000000
    0.953539431095    2.000000000000
   -0.348934292793    2.000000000000
    0.972476243973    2.000000000000
    0.913458228111    2.000000000000
    0.678757429123    2.000000000000
    0.827326536179    2.000000000000
   -2.104791879654    2.000000000000
   -1.005325078964    2.000000000000
    0.736020207405    2.000000000000
    0.739615559578    2.000000000000
    0.830085635185    2.000000000000
    0.444035172462    2.000000000000
    0.476360142231    2.000000000000
    0.086471498013    2.000000000000
    1.266274333000    2.000000000000
    0.405081063509    2.000000000000
    0.581779181957    2.000000000000
   -0.624253153801    2.000000000000
    3.003350973129    2.000000000000
    0.032073885202    2.000000000000
   -1.047184109688    2.000000000000
    0.381440699100    2.000000000000
   -1.033416271210    2.000000000000
   -0.486308693886    2.000000000000
    0.316569685936    2.000000000000
    0.223218202591    2.000000000000
    0.588275253773    2.000000000000
    0.616002678871    2.000000000000
    0.037940621376    2.000000000000
    0.228821069002    2.000000000000
   -0.481427192688    2.000000000000
    0.684239387512    2.000000000000
    0.205055952072    2.000000000000
   -0.207102775574    2.000000000000
   -0.381009578705    2.000000000000
    1.000066399574    2.000000000000
    0.439440786839    2.000000000000
    0.489267736673    2.000000000000
    0.273646116257    2.000000000000
    1.611438751221    2.000000000000
   -0.371990263462    2.000000000000
    0.784506320953    2.000000000000
    1.053239583969    2.000000000000
    0.202918678522    2.000000000000
    0.887481868267    2.000000000000
    1.624475240707    2.000000000000
   -0.950261116028    2.000000000000
   -0.506222248077    2.000000000000
    2.447086334229    2.000000000000
   -0.030113458633    2.000000000000
   -0.512369155884    2.000000000000
   -0.793291568756    2.000000000000
   -0.846651315689    2.000000000000
    0.811120390892    2.000000000000
    1.123057007790    2.000000000000
    2.168204784393    2.000000000000
    1.617409586906    2.000000000000
    3.542276144028    2.000000000000
   -0.135970890522    2.000000000000
    0.377374559641    2.000000000000
   -0.426813900471    2.000000000000
    1.507523894310    2.000000000000
    2.128819942474    2.000000000000
    0.741072416306    2.000000000000
    0.177545756102    2.000000000000
   -0.028633356094    2.000000000000
    2.140387058258    2.000000000000
    0.912794113159    2.000000000000
   -0.164750993252    2.000000000000
   -0.020447790623    2.000000000000
    0.848868131638    2.000000000000
   -2.049054861069    2.000000000000
    0.502407729626    2.000000000000
    0.245095729828    2.000000000000
   -0.619632363319    2.000000000000
   -0.469492554665    2.000000000000
    1.498710870743    2.000000000000
   -0.135382890701    2.000000000000
    0.941280245781    2.000000000000
    0.940077781677    2.000000000000
   -0.362313866615    2.000000000000
    3.997035264969    2.000000000000
    2.364168167114    2.000000000000
    0.271785587072    2.000000000000
    0.642122924328    2.000000000000
    1.343173980713    2.000000000000
    1.166902780533    2.000000000000
    0.098760634661    2.000000000000
    0.308863282204    2.000000000000
    1.085259199142    2.000000000000
    1.891858935356    2.000000000000
    0.579611420631    2.000000000000
    0.583208322525    2.000000000000
    2.624633550644    2.000000000000
    0.715109467506    2.000000000000
    0.669993638992    2.000000000000
    1.971573948860    2.000000000000
    0.864888310432    2.000000000000
    1.158262729645    2.000000000000
    0.412086725235    2.000000000000
    0.056916981936    2.000000000000
    1.745333194733    2.000000000000
    0.208520144224    2.000000000000
    3.163664817810    2.000000000000
    0.592122614384    2.000000000000
    0.428463727236    2.000000000000
   -0.339205145836    2.000000000000
    1.623330712318    2.000000000000
    0.055079400539    2.000000000000
   -0.858455538750    2.000000000000
    1.000836849213    2.000000000000
    1.330105781555    2.000000000000
   -0.128460228443    2.000000000000
   -0.704866290092    2.000000000000
   -0.252647936344    2.000000000000
    3.128020286560    2.000000000000
    0.748127460480    2.000000000000
    0.813019156456    2.000000000000
    0.594292938709    2.000000000000
   -0.219407141209    2.000000000000
    1.569414138794    2.000000000000
   -1.074664950371    2.000000000000
    0.929460465908    2.000000000000
   -0.117605566978    2.000000000000
    2.387552738190    2.000000000000
    0.401072263718    2.000000000000
   -0.097277998924    2.000000000000
    0.787422716618    2.000000000000
   -0.393972754478    2.000000000000
    0.198124200106    2.000000000000
    0.347504049540    2.000000000000
    0.194626718760    2.000000000000
   -0.133657574654    2.000000000000
    1.219308853149    2.000000000000
    0.465034663677    2.000000000000
   -0.741396665573    2.000000000000
    0.164979755878    2.000000000000
    2.082432985306    2.000000000000
    0.472194969654    2.000000000000
   -0.818179011345    2.000000000000
    1.547165274620    2.000000000000
    1.120910167694    2.000000000000
    1.235592842102    2.000000000000
    0.923004269600    2.000000000000
    0.405053108931    2.000000000000
    0.792997360229    2.000000000000
    0.217185884714    2.000000000000
   -0.253227710724    2.000000000000
    3.026832103729    2.000000000000
    0.845651388168    2.000000000000
    0.255730867386    2.000000000000
    1.097710251808    2.000000000000
   -0.088024556637    2.000000000000
    1.161162257195    2.000000000000
   -0.361591637135    2.000000000000
    0.809897899628    2.000000000000
    1.757503032684    2.000000000000
    0.346099406481    2.000000000000
   -1.127372503281    2.000000000000
   -0.052691876888    2.000000000000
    0.976075649261    2.000000000000
   -0.042201459408    2.000000000000
    1.227002143860    2.000000000000
   -0.976401805878    2.000000000000
    0.573144078255    2.000000000000
   -0.257788240910    2.000000000000
    0.256002515554    2.000000000000
    1.518829941750    2.000000000000
    0.252005904913    2.000000000000
    0.758111357689    2.000000000000
    1.740734338760    2.000000000000
   -0.358642816544    2.000000000000
    2.055662631989    2.000000000000
    0.459182411432    2.000000000000
   -0.806093692780    2.000000000000
    1.208022356033    2.000000000000
    0.894606530666    2.000000000000
    2.272671222687    2.000000000000
    0.966629147530    2.000000000000
    0.938018143177    2.000000000000
    0.331677496433    2.000000000000
    0.327879607677    2.000000000000
    0.923975408077    2.000000000000
   -0.994434237480    2.000000000000
    0.157824486494    2.000000000000
    1.251052141190    2.000000000000
    1.089416384697    2.000000000000
    1.255420446396    2.000000000000
    1.694749474525    2.000000000000
   -0.890202045441    2.000000000000
    1.216852664948    2.000000000000
   -0.728258490562    2.000000000000
   -0.540974617004    2.000000000000
    1.930077195168    2.000000000000
   -0.641605257988    2.000000000000
    2.560016393661    2.000000000000
   -0.138855397701    2.000000000000
   -0.266568183899    2.000000000000
    1.496523141861    2.000000000000
   -0.620481014252    2.000000000000
    1.856802105904    2.000000000000
    0.514285683632    2.000000000000
   -0.359054923058    2.000000000000
    1.593971490860    2.000000000000
    1.340067386627    2.000000000000
   -0.044354557991    2.000000000000
   -0.592507600784    2.000000000000
    1.436755657196    2.000000000000
    0.904691338539    2.000000000000
   -0.152882456779    2.000000000000
   -0.663956403732    2.000000000000
   -0.242012739182    2.000000000000
    1.595290064812    2.000000000000
   -0.881247520447    2.000000000000
    1.518884778023    2.000000000000
    1.171412229538    2.000000000000
   -0.528364896774    2.000000000000
    1.036226034164    2.000000000000
    1.522719621658    2.000000000000
    1.357198715210    2.000000000000
    0.721818089485    2.000000000000
   -0.083462953568    2.000000000000
    1.255008220673    2.000000000000
   -0.816198706627    2.000000000000
    1.306228160858    2.000000000000
    0.310678303242    2.000000000000
   -0.022693872452    2.000000000000
    2.000748157501    2.000000000000
   -1.236528277397    2.000000000000
    0.492377191782    2.000000000000
   -0.196954071522    2.000000000000
   -0.117612838745    2.000000000000
    1.237261295319    2.000000000000
    0.933507204056    2.000000000000
   -0.866388559341    2.000000000000
   -1.595077037811    2.000000000000
    0.150828093290    2.000000000000
    0.814635932446    2.000000000000
    0.931231737137    2.000000000000
    0.554581880569    2.000000000000
    1.482304334641    2.000000000000
   -0.791096091270    2.000000000000
    1.300148010254    2.000000000000
    0.384146869183    2.000000000000
    1.026901483536    2.000000000000
    0.057153314352    2.000000000000
    0.202412128448    2.000000000000
   -0.771767616272    2.000000000000
    3.320530653000    2.000000000000
    2.106014251709    2.000000000000
   -0.107065081596    2.000000000000
   -1.270979404449    2.000000000000
   -0.635473012924    2.000000000000
    1.530460834503    2.000000000000
    0.474740266800    2.000000000000
    1.989031791687    2.000000000000
    0.480171442032    2.000000000000
   -1.533114194870    2.000000000000
   -0.484628438950    2.000000000000
   -0.358384430408    2.000000000000
    0.176320493221    2.000000000000
    0.887409210205    2.000000000000
    0.667989134789    2.000000000000
    0.633471071720    2.000000000000
    0.720810353756    2.000000000000
    0.370965689421    2.000000000000
   -0.711220502853    2.000000000000
   -0.899522542953    2.000000000000
    0.022801309824    2.000000000000
    0.483371227980    2.000000000000
    0.482024908066    2.000000000000
    1.146798968315    2.000000000000
    0.138086348772    2.000000000000
    1.532900452614    2.000000000000
   -1.449415087700    2.000000000000
    0.287763565779    2.000000000000
    0.047818869352    2.000000000000
    0.619554340839    2.000000000000
    0.944133400917    2.000000000000
    0.399654388428    2.000000000000
    0.642444670200    2.000000000000
    1.352490186691    2.000000000000
   -0.084277749062    2.000000000000
   -1.056099176407    2.000000000000
    2.123573303223    2.000000000000
    1.250313282013    2.000000000000
    2.044275760651    2.000000000000
   -1.344687223434    2.000000000000
    0.940525054932    2.000000000000
   -0.665473341942    2.000000000000
    0.238876879215    2.000000000000
    1.955670356750    2.000000000000
    0.276880383492    2.000000000000
   -0.523705482483    2.000000000000
    0.681003630161    2.000000000000
   -1.002310276031    2.000000000000
    2.272352695465    2.000000000000
   -0.892613530159    2.000000000000
    1.044638395309    2.000000000000
   -0.325870454311    2.000000000000
   -0.207472681999    2.000000000000
   -0.996940612793    2.000000000000
    1.347639799118    2.000000000000
    0.587633192539    2.000000000000
   -0.326412916183    2.000000000000
    1.099687933922    2.000000000000
   -0.726656436920    2.000000000000
    0.660097837448    2.000000000000
    0.928871870041    2.000000000000
   -1.588961601257    2.000000000000
    0.062751501799    2.000000000000
    0.360245227814    2.000000000000
    1.139187097549    2.000000000000
    2.062373638153    2.000000000000
   -0.154009044170    2.000000000000
    1.839399814606    2.000000000000
    1.214321017265    2.000000000000
   -0.883631348610    2.000000000000
    0.271381765604    2.000000000000
    0.023009389639    2.000000000000
   -0.581329941750    2.000000000000
    0.564512848854    2.000000000000
    1.666123628616    2.000000000000
    0.888033032417    2.000000000000
    1.690040588379    2.000000000000
    1.021271467209    2.000000000000
    2.564588069916    2.000000000000
    0.809513092041    2.000000000000
    0.016676336527    2.000000000000
    0.763835191727    2.000000000000
   -0.839624881744    2.000000000000
    0.696804344654    2.000000000000
    0.529044866562    2.000000000000
   -0.014671206474    2.000000000000
   -0.701690077782    2.000000000000
    0.858759880066    2.000000000000
    2.160832881927    2.000000000000
    2.341105461121    2.000000000000
    0.369588613510    2.000000000000
    0.858316659927    2.000000000000
    0.358722388744    2.000000000000
    1.378850460052    2.000000000000
    0.296866357327    2.000000000000
    0.129463940859    2.000000000000
   -0.683601737022    2.000000000000
    2.008932590485    2.000000000000
   -0.319780647755    2.000000000000
    1.138079643250    2.000000000000
    0.620010077953    2.000000000000
   -0.384326159954    2.000000000000
    0.655394434929    2.000000000000
   -1.246408939362    2.000000000000
   -0.450569927692    2.000000000000
    0.685155391693    2.000000000000
    0.397325634956    2.000000000000
    1.345539331436    2.000000000000
    1.028821110725    2.000000000000
   -0.683876633644    2.000000000000
   -1.721973657608    2.000000000000
    0.348262429237    2.000000000000
   -0.232167124748    2.000000000000
    2.310620784760    2.000000000000
    1.708291649818    2.000000000000
   -0.241068840027    2.000000000000
    1.055786132812    2.000000000000
    0.605937540531    2.000000000000
    3.288232326508    2.000000000000
   -1.279445290565    2.000000000000
   -0.922088742256    2.000000000000
    0.625191986561    2.000000000000
    0.232200860977    2.000000000000
    0.107881009579    2.000000000000
    0.465045601130    2.000000000000
   -0.218809843063    2.000000000000
    1.177063941956    2.000000000000
    0.790962100029    2.000000000000
    2.131524562836    2.000000000000
   -0.345984935760    2.000000000000
    1.169010162354    2.000000000000
    1.831858396530    2.000000000000
    0.600620150566    2.000000000000
    0.602466821671    2.000000000000
    0.167682886124    2.000000000000
    0.696351766586    2.000000000000
    0.811679124832    2.000000000000
    1.447264432907    2.000000000000
    0.678560912609    2.000000000000
    1.209493041039    2.000000000000
    2.193454265594    2.000000000000
    0.836262702942    2.000000000000
    2.295019388199    2.000000000000
   -0.264698922634    2.000000000000
   -0.227490186691    2.000000000000
   -0.588690519333    2.000000000000
    1.011349201202    2.000000000000
    1.324611783028    2.000000000000
    2.691132307053    2.000000000000
    0.360320389271    2.000000000000
   -0.161261677742    2.000000000000
    0.543274402618    2.000000000000
    1.624019980431    2.000000000000
    0.213982373476    2.000000000000
   -0.815870046616    2.000000000000
   -0.387762606144    2.000000000000
    1.640851736069    2.000000000000
    0.939777970314    2.000000000000
    1.542570352554    2.000000000000
   -2.446877241135    2.000000000000
   -0.521412730217    2.000000000000
   -1.635914564133    2.000000000000
    1.211334705353    2.000000000000
    1.543325424194    2.000000000000
   -0.577214717865    2.000000000000
   -0.534595489502    2.000000000000
