   -0.794831812382    1.000000000000
    0.472540915012    1.000000000000
   -1.069855213165    1.000000000000
    0.568412363529    1.000000000000
   -0.895336806774    1.000000000000
    1.813863158226    1.000000000000
    0.357169181108    1.000000000000
    1.345898509026    1.000000000000
   -0.014697815292    1.000000000000
    1.207026481628    1.000000000000
    0.625520944595    1.000000000000
    0.396013647318    1.000000000000
    1.086090207100    1.000000000000
    0.650982081890    1.000000000000
    0.243617296219    1.000000000000
   -0.324230909348    1.000000000000
    2.408008337021    1.000000000000
   -0.330245673656    1.000000000000
    0.367171704769    1.000000000000
    0.867835402489    1.000000000000
   -1.323426604271    1.000000000000
    0.099308751523    1.000000000000
   -1.544120430946    1.000000000000
    0.627459466457    1.000000000000
   -0.048384509981    1.000000000000
    0.692401528358    1.000000000000
    0.425882369280    1.000000000000
   -0.052312456071    1.000000000000
    0.403133958578    1.000000000000
    0.666868507862    1.000000000000
    0.884040892124    1.000000000000
    0.910237550735    1.000000000000
    0.210811287165    1.000000000000
    0.134490028024    1.000000000000
   -1.629848361015    1.000000000000
   -0.771707773209    1.000000000000
    0.116315588355    1.000000000000
    0.188148036599    1.000000000000
    0.557116150856    1.000000000000
    0.695522487164    1.000000000000
    0.424091458321    1.000000000000
   -0.515808165073    1.000000000000
    1.621565341949    1.000000000000
   -2.012052059174    1.000000000000
    1.480990052223    1.000000000000
   -1.049685001373    1.000000000000
   -1.704493045807    1.000000000000
    1.811724543571    1.000000000000
   -0.312660753727    1.000000000000
    1.192844867706    1.000000000000
   -0.002703014994    1.000000000000
   -0.523202478886    1.000000000000
    1.091431260109    1.000000000000
   -0.339159131050    1.000000000000
    0.557135283947    1.000000000000
   -0.163886889815    1.000000000000
    1.341261148453    1.000000000000
   -1.065769553185    1.000000000000
   -0.761719107628    1.000000000000
   -0.727155864239    1.000000000000
   -0.507293522358    1.000000000000
   -0.307294100523    1.000000000000
   -2.571320533752    1.000000000000
   -0.143366724253    1.000000000000
    0.942622363567    1.000000000000
   -0.963913917542    1.000000000000
   -0.419232875109    1.000000000000
   -0.754334986210    1.000000000000
    0.020415836945    1.000000000000
    0.876268029213    1.000000000000
    1.076482176781    1.000000000000
    0.541110813618    1.000000000000
   -0.332402795553    1.000000000000
    0.195558786392    1.000000000000
    0.163566723466    1.000000000000
    0.421388804913    1.000000000000
   -1.040356636047    1.000000000000
    0.916697561741    1.000000000000
   -0.199957743287    1.000000000000
   -0.332766771317    1.000000000000
   -1.015759587288    1.000000000000
    0.811816215515    1.000000000000
    1.022792339325    1.000000000000
    0.911267459393    1.000000000000
    1.785419940948    1.000000000000
    2.173799991608    1.000000000000
   -1.145501255989    1.000000000000
   -0.241357192397    1.000000000000
   -1.499355316162    1.000000000000
    0.435066282749    1.000000000000
   -1.286330580711    1.000000000000
    2.420736551285    1.000000000000
   -0.279025882483    1.000000000000
    1.506158590317    1.000000000000
    0.394385427237    1.000000000000
    1.975609660149    1.000000000000
    0.269171983004    1.000000000000
   -0.757554113865    1.000000000000
   -0.651746094227    1.000000000000
   -1.442322492599    1.000000000000
    0.804598748684    1.000000000000
    0.964431464672    1.000000000000
    0.388997703791    1.000000000000
   -0.744194984436    1.000000000000
   -0.263159722090    1.000000000000
    0.589294373989    1.000000000000
    0.947985112667    1.000000000000
    0.223019599915    1.000000000000
   -2.188328742981    1.000000000000
    0.267633020878    1.000000000000
    0.422713637352    1.000000000000
    0.795239806175    1.000000000000
   -1.559430956841    1.000000000000
    0.665218532085    1.000000000000
   -0.071616932750    1.000000000000
    0.780210375786    1.000000000000
    0.724998235703    1.000000000000
   -0.882791996002    1.000000000000
    1.707526803017    1.000000000000
   -0.544470667839    1.000000000000
    0.097830243409    1.000000000000
   -0.969484567642    1.000000000000
    0.860343635082    1.000000000000
    0.108821310103    1.000000000000
    0.797078549862    1.000000000000
   -0.066097132862    1.000000000000
    0.927492558956    1.000000000000
    1.176365733147    1.000000000000
   -1.264458298683    1.000000000000
   -1.143070697784    1.000000000000
   -0.501022815704    1.000000000000
    0.949676454067    1.000000000000
    0.740583777428    1.000000000000
    0.455021589994    1.000000000000
   -0.095792338252    1.000000000000
   -0.267218440771    1.000000000000
    0.076470270753    1.000000000000
    1.060920476913    1.000000000000
   -0.480091601610    1.000000000000
    0.687783002853    1.000000000000
    0.139524444938    1.000000000000
    0.157524958253    1.000000000000
    0.204517766833    1.000000000000
    0.271434098482    1.000000000000
    0.828592061996    1.000000000000
    0.466924488544    1.000000000000
   -0.349058985710    1.000000000000
    0.021724097431    1.000000000000
    0.213786557317    1.000000000000
   -0.193073898554    1.000000000000
   -0.890715658665    1.000000000000
   -0.117691755295    1.000000000000
    0.481691211462    1.000000000000
   -0.527275860310    1.000000000000
   -0.196732595563    1.000000000000
    1.205632448196    1.000000000000
   -1.633221030235    1.000000000000
   -1.348944544792    1.000000000000
    0.318214207888    1.000000000000
   -0.339673757553    1.000000000000
   -1.485915184021    1.000000000000
    0.698162555695    1.000000000000
   -1.488318681717    1.000000000000
    0.341709464788    1.000000000000
    1.600856900215    1.000000000000
   -0.811709821224    1.000000000000
   -0.815975844860    1.000000000000
    0.490240395069    1.000000000000
    0.945105373859    1.000000000000
    1.039659023285    1.000000000000
   -1.414757847786    1.000000000000
   -1.468881011009    1.000000000000
   -0.349993675947    1.000000000000
    1.845587253571    1.000000000000
   -0.080943547189    1.000000000000
    1.016273736954    1.000000000000
   -1.139583230019    1.000000000000
    0.466819375753    1.000000000000
   -0.978195369244    1.000000000000
    0.590179026127    1.000000000000
    0.059202000499    1.000000000000
   -0.128376647830    1.000000000000
    0.004981967621    1.000000000000
   -1.763921618462    1.000000000000
   -0.479841589928    1.000000000000
   -2.229124069214    1.000000000000
    0.627277553082    1.000000000000
   -0.136273443699    1.000000000000
    0.700099110603    1.000000000000
   -0.862359583378    1.000000000000
   -2.182442903519    1.000000000000
    0.145357802510    1.000000000000
   -0.277899920940    1.000000000000
   -0.318171501160    1.000000000000
    0.922527492046    1.000000000000
    2.007404327393    1.000000000000
    0.128932490945    1.000000000000
    0.051026266068    1.000000000000
   -1.426792025566    1.000000000000
   -0.585543155670    1.000000000000
   -0.450280994177    1.000000000000
    0.816108345985    1.000000000000
    0.498788028955    1.000000000000
   -0.888049185276    1.000000000000
   -0.297705054283    1.000000000000
    0.997438848019    1.000000000000
    0.248057246208    1.000000000000
    2.046119689941    1.000000000000
    0.628638863564    1.000000000000
    1.433157682419    1.000000000000
    1.265595078468    1.000000000000
   -0.696494519711    1.000000000000
   -0.277082562447    1.000000000000
    0.437505692244    1.000000000000
    0.371620833874    1.000000000000
    0.467590808868    1.000000000000
   -1.026301383972    1.000000000000
    0.455854535103    1.000000000000
   -2.481139183044    1.000000000000
   -1.524771571159    1.000000000000
    0.248212054372    1.000000000000
    0.521308779716    1.000000000000
   -0.508060872555    1.000000000000
    1.969604253769    1.000000000000
    0.210655778646    1.000000000000
   -0.420713067055    1.000000000000
   -1.948000192642    1.000000000000
    0.759467422962    1.000000000000
    1.964516758919    1.000000000000
    2.052530527115    1.000000000000
   -0.109440453351    1.000000000000
    1.735771417618    1.000000000000
    0.340155810118    1.000000000000
   -0.942209005356    1.000000000000
    0.430337369442    1.000000000000
    1.978086948395    1.000000000000
    0.668977379799    1.000000000000
    1.363241791725    1.000000000000
   -1.263974070549    1.000000000000
    0.439724951982    1.000000000000
    1.892216682434    1.000000000000
   -1.254006505013    1.000000000000
   -0.858078956604    1.000000000000
   -0.856910169125    1.000000000000
   -0.169008791447    1.000000000000
   -0.826092123985    1.000000000000
   -0.307414114475    1.000000000000
    0.338495433331    1.000000000000
    0.451879531145    1.000000000000
   -0.974514484406    1.000000000000
   -0.037163257599    1.000000000000
   -0.243498593569    1.000000000000
   -1.202364802361    1.000000000000
    1.183701872826    1.000000000000
   -1.771745085716    1.000000000000
    0.217610090971    1.000000000000
   -1.514905571938    1.000000000000
   -0.451991170645    1.000000000000
    0.263510882854    1.000000000000
   -1.114313721657    1.000000000000
    1.614892005920    1.000000000000
    1.231909036636    1.000000000000
   -0.448820114136    1.000000000000
    1.522494912148    1.000000000000
    1.845798373222    1.000000000000
   -1.224066972733    1.000000000000
   -0.632795035839    1.000000000000
    1.788647413254    1.000000000000
   -0.710165679455    1.000000000000
   -0.222569450736    1.000000000000
    1.156314373016    1.000000000000
    0.657969355583    1.000000000000
   -0.502090990543    1.000000000000
   -0.130284205079    1.000000000000
   -0.225773259997    1.000000000000
    1.364650011063    1.000000000000
   -0.664790689945    1.000000000000
    0.253224492073    1.000000000000
    0.755541205406    1.000000000000
    0.362476080656    1.000000000000
    1.194052934647    1.000000000000
    0.715437650681    1.000000000000
   -0.284247308969    1.000000000000
   -0.952863395214    1.000000000000
    1.767315745354    1.000000000000
    0.804145097733    1.000000000000
    1.160243868828    1.000000000000
   -1.344865083694    1.000000000000
   -0.788613259792    1.000000000000
   -0.153211280704    1.000000000000
   -0.094807356596    1.000000000000
    2.469484806061    1.000000000000
   -0.723976731300    1.000000000000
   -0.401163071394    1.000000000000
    0.683112680912    1.000000000000
   -0.411536693573    1.000000000000
    0.327564626932    1.000000000000
    0.049269333482    1.000000000000
    0.022974021733    1.000000000000
    0.999043107033    1.000000000000
    0.112956613302    1.000000000000
   -0.047841943800    1.000000000000
    0.932847917080    1.000000000000
   -1.201032996178    1.000000000000
   -0.904426455498    1.000000000000
   -1.188631296158    1.000000000000
    1.028632879257    1.000000000000
    0.968756794930    1.000000000000
    1.576954960823    1.000000000000
    0.450303554535    1.000000000000
    1.066019058228    1.000000000000
   -0.038068033755    1.000000000000
   -0.214908450842    1.000000000000
   -0.053928606212    1.000000000000
    0.822903156281    1.000000000000
    1.098953604698    1.000000000000
   -0.083566069603    1.000000000000
    0.354526698589    1.000000000000
    0.109689392149    1.000000000000
    0.308397948742    1.000000000000
   -1.050963640213    1.000000000000
   -0.789173305035    1.000000000000
   -1.688246965408    1.000000000000
   -0.126198962331    1.000000000000
   -1.555316090584    1.000000000000
   -0.279840290546    1.000000000000
    1.608554720879    1.000000000000
    0.409144103527    1.000000000000
    1.526736259460    1.000000000000
    0.239095643163    1.000000000000
   -2.016308307648    1.000000000000
    0.262437343597    1.000000000000
    1.228819489479    1.000000000000
    1.825073599815    1.000000000000
   -3.452768802643    1.000000000000
   -0.253750741482    1.000000000000
   -0.014482476749    1.000000000000
   -0.552749693394    1.000000000000
    0.924916207790    1.000000000000
   -0.825637221336    1.000000000000
   -1.765820503235    1.000000000000
    0.295427888632    1.000000000000
    0.245240911841    1.000000000000
   -1.114156723022    1.000000000000
   -0.743406951427    1.000000000000
    0.881590127945    1.000000000000
    1.583385229111    1.000000000000
   -1.478907942772    1.000000000000
    0.339364290237    1.000000000000
   -0.408350586891    1.000000000000
    0.312269926071    1.000000000000
   -0.608029007912    1.000000000000
    2.740078210831    1.000000000000
    1.013975501060    1.000000000000
    0.264701724052    1.000000000000
   -0.208116799593    1.000000000000
   -1.036677479744    1.000000000000
    0.923807024956    1.000000000000
    0.056758265942    1.000000000000
    2.055165052414    1.000000000000
    0.729127585888    1.000000000000
    0.057967260480    1.000000000000
   -0.199143990874    1.000000000000
    0.877812266350    1.000000000000
    0.672620415688    1.000000000000
    0.303688913584    1.000000000000
   -0.187127098441    1.000000000000
   -0.475787997246    1.000000000000
   -1.763471722603    1.000000000000
   -0.035716425627    1.000000000000
   -1.533616185188    1.000000000000
   -0.577554821968    1.000000000000
   -1.693278193474    1.000000000000
    0.449955850840    1.000000000000
   -2.366797208786    1.000000000000
   -1.773810982704    1.000000000000
    1.372761130333    1.000000000000
    0.226562529802    1.000000000000
    0.418608546257    1.000000000000
   -1.678558468819    1.000000000000
    0.612030446529    1.000000000000
   -0.960802257061    1.000000000000
    1.264835596085    1.000000000000
    1.125320434570    1.000000000000
    0.792647898197    1.000000000000
   -0.588609755039    1.000000000000
   -1.676476597786    1.000000000000
    0.491991072893    1.000000000000
   -0.051830004901    1.000000000000
    1.142165899277    1.000000000000
   -1.282665967941    1.000000000000
   -0.614984154701    1.000000000000
   -1.166763901711    1.000000000000
   -0.395430266857    1.000000000000
    0.850666165352    1.000000000000
   -1.120323896408    1.000000000000
   -0.449594050646    1.000000000000
    2.662137508392    1.000000000000
   -1.227163195610    1.000000000000
   -0.223759531975    1.000000000000
    2.993960380554    1.000000000000
    0.038274012506    1.000000000000
    1.496421933174    1.000000000000
   -0.411089956760    1.000000000000
   -2.181043386459    1.000000000000
   -1.218176722527    1.000000000000
   -0.816440224648    1.000000000000
   -0.754023849964    1.000000000000
   -1.898780941963    1.000000000000
   -2.206462621689    1.000000000000
   -0.260734707117    1.000000000000
   -0.321732938290    1.000000000000
   -0.615578711033    1.000000000000
   -0.957583844662    1.000000000000
   -2.081747770309    1.000000000000
    0.941945672035    1.000000000000
   -1.172417163849    1.000000000000
    0.316393971443    1.000000000000
    0.176284790039    1.000000000000
   -0.135678693652    1.000000000000
    1.152368187904    1.000000000000
   -1.600275039673    1.000000000000
   -0.252055317163    1.000000000000
   -0.583723485470    1.000000000000
   -0.371844738722    1.000000000000
   -0.395931392908    1.000000000000
    0.674793899059    1.000000000000
   -1.213019609451    1.000000000000
   -2.223812341690    1.000000000000
   -0.885881185532    1.000000000000
   -0.205113843083    1.000000000000
    0.346666723490    1.000000000000
   -0.262671768665    1.000000000000
    1.807584047318    1.000000000000
   -0.825896143913    1.000000000000
   -1.216106414795    1.000000000000
   -0.547885894775    1.000000000000
    0.406164407730    1.000000000000
    0.068598434329    1.000000000000
   -1.118689417839    1.000000000000
    0.620915830135    1.000000000000
    0.584195494652    1.000000000000
    0.536089003086    1.000000000000
   -0.948137521744    1.000000000000
   -0.091844320297    1.000000000000
   -1.618203520775    1.000000000000
   -0.294121772051    1.000000000000
   -1.418980121613    1.000000000000
    0.106165841222    1.000000000000
    1.960320234299    1.000000000000
   -1.329554319382    1.000000000000
   -1.499021530151    1.000000000000
   -0.705875217915    1.000000000000
   -2.337869882584    1.000000000000
    1.031342267990    1.000000000000
   -1.454781770706    1.000000000000
   -1.450424790382    1.000000000000
   -0.559419155121    1.000000000000
    0.725953578949    1.000000000000
    0.758989572525    1.000000000000
   -0.210159122944    1.000000000000
    0.457242459059    1.000000000000
   -1.000481605530    1.000000000000
    1.158836603165    1.000000000000
   -0.993820369244    1.000000000000
    0.764501631260    1.000000000000
   -0.433623611927    1.000000000000
    0.330153018236    1.000000000000
   -0.813741683960    1.000000000000
    1.036405801773    1.000000000000
    0.427889853716    1.000000000000
   -0.024517195299    1.000000000000
    0.293145656586    1.000000000000
    1.019196867943    1.000000000000
   -0.192173570395    1.000000000000
   -0.374840945005    1.000000000000
   -0.627389550209    1.000000000000
   -0.232187718153    1.000000000000
   -0.971198558807    1.000000000000
   -0.335990190506    1.000000000000
    1.183433055878    1.000000000000
   -1.515216946602    1.000000000000
    0.877409100533    1.000000000000
   -0.466026633978    1.000000000000
   -0.579170405865    1.000000000000
   -0.689517378807    1.000000000000
   -0.251065701246    1.000000000000
    0.751002788544    1.000000000000
   -0.015525627881    1.000000000000
   -0.907679557800    1.000000000000
   -0.701286971569    1.000000000000
   -0.206679567695    1.000000000000
    0.046390015632    1.000000000000
    0.783903241158    1.000000000000
    0.581136167049    1.000000000000
   -0.975969851017    1.000000000000
   -0.640000939369    1.000000000000
   -1.472962021828    1.000000000000
   -0.796850562096    1.000000000000
   -0.814477980137    1.000000000000
   -0.567355930805    1.000000000000
    0.731385529041    1.000000000000
    0.188564762473    1.000000000000
    1.728094458580    1.000000000000
    0.519832074642    1.000000000000
   -1.086113929749    1.000000000000
   -1.457800149918    1.000000000000
    1.646166801453    1.000000000000
   -0.031484469771    1.000000000000
    0.779665768147    1.000000000000
    0.413828879595    1.000000000000
    1.100725054741    1.000000000000
    1.303403019905    1.000000000000
    2.094522953033    1.000000000000
   -1.065094709396    1.000000000000
   -0.973862588406    1.000000000000
   -0.591921269894    1.000000000000
    1.114553928375    1.000000000000
    0.834004759789    1.000000000000
   -0.213851734996    1.000000000000
    0.353797405958    1.000000000000
   -0.295535475016    1.000000000000
    1.033142924309    1.000000000000
    0.892484545708    1.000000000000
    0.435768365860    1.000000000000
   -0.011137035675    1.000000000000
    0.480213701725    1.000000000000
   -0.297185719013    1.000000000000
    0.779713273048    1.000000000000
    0.286942183971    1.000000000000
   -1.300580978394    1.000000000000
    1.460565447807    1.000000000000
    0.541437923908    1.000000000000
    0.974527478218    1.000000000000
    1.658311724663    1.000000000000
    0.648229360580    1.000000000000
   -0.180810481310    1.000000000000
   -0.812190055847    1.000000000000
   -1.129974365234    1.000000000000
   -0.952042996883    1.000000000000
   -0.000390937814    1.000000000000
    0.256062477827    1.000000000000
   -1.200737833977    1.000000000000
    1.349626421928    1.000000000000
    0.638989388943    1.000000000000
    1.354407429695    1.000000000000
    1.621759653091    1.000000000000
   -1.282644271851    1.000000000000
    0.308947265148    1.000000000000
   -0.382960051298    1.000000000000
    0.044001609087    1.000000000000
    1.457183957100    1.000000000000
   -1.449655175209    1.000000000000
    1.640671610832    1.000000000000
   -0.306481331587    1.000000000000
   -1.276114225388    1.000000000000
    2.130849599838    1.000000000000
   -0.505900800228    1.000000000000
   -0.621300995350    1.000000000000
   -0.713051617146    1.000000000000
    0.575206756592    1.000000000000
   -0.189239129424    1.000000000000
    0.660030961037    1.000000000000
   -0.252903461456    1.000000000000
   -0.367626368999    1.000000000000
    0.521739602089    1.000000000000
    0.426186412573    1.000000000000
    0.241842269897    1.000000000000
   -0.135502159595    1.000000000000
    0.102345399559    1.000000000000
    0.201486125588    1.000000000000
    1.590647935867    1.000000000000
    0.698515474796    1.000000000000
    1.143120765686    1.000000000000
   -0.460666447878    1.000000000000
   -1.493933439255    1.000000000000
    2.282892227173    1.000000000000
   -0.114703297615    1.000000000000
   -0.379307955503    1.000000000000
   -0.852054893970    1.000000000000
    0.104308262467    1.000000000000
   -0.674819767475    1.000000000000
    0.243373796344    1.000000000000
    0.754936695099    1.000000000000
    0.907907903194    1.000000000000
    0.980225741863    1.000000000000
    0.594263732433    1.000000000000
   -0.558847427368    1.000000000000
    2.296651601791    1.000000000000
   -2.022365570068    1.000000000000
   -1.016955733299    1.000000000000
   -0.709648430347    1.000000000000
   -1.486296653748    1.000000000000
    0.240582540631    1.000000000000
    0.323955088854    1.000000000000
   -1.768122553825    1.000000000000
   -1.355048179626    1.000000000000
    1.108946442604    1.000000000000
   -2.619109630585    1.000000000000
    0.061854839325    1.000000000000
   -0.267960667610    1.000000000000
   -1.134854555130    1.000000000000
    0.242039501667    1.000000000000
   -0.803843379021    1.000000000000
    0.655140995979    1.000000000000
    0.389964640141    1.000000000000
    0.217621833086    1.000000000000
   -0.030564378947    1.000000000000
   -1.165763020515    1.000000000000
   -0.512858450413    1.000000000000
   -0.652760207653    1.000000000000
    0.570666730404    1.000000000000
   -1.487047076225    1.000000000000
   -0.227779760957    1.000000000000
    0.178838178515    1.000000000000
    0.116214573383    1.000000000000
    1.732020258904    1.000000000000
    0.207070708275    1.000000000000
   -0.119196102023    1.000000000000
    0.075258530676    1.000000000000
   -0.046248976141    1.000000000000
    0.935086309910    1.000000000000
    0.927171766758    1.000000000000
   -0.916642427444    1.000000000000
    1.647175669670    1.000000000000
   -0.565081715584    1.000000000000
   -1.454823851585    1.000000000000
   -1.895883083344    1.000000000000
    0.562984526157    1.000000000000
    0.441267967224    1.000000000000
   -0.342281371355    1.000000000000
    2.682468414307    1.000000000000
   -0.926030099392    1.000000000000
   -0.581894040108    1.000000000000
   -1.326082825661    1.000000000000
    1.220239758492    1.000000000000
   -0.817843616009    1.000000000000
   -0.520435154438    1.000000000000
    1.272618055344    1.000000000000
    0.481814593077    1.000000000000
   -0.793732821941    1.000000000000
    0.917255282402    1.000000000000
   -0.340529739857    1.000000000000
    0.203411117196    1.000000000000
    0.165463313460    1.000000000000
    0.764423489571    1.000000000000
   -0.738279283047    1.000000000000
    0.216255202889    1.000000000000
    0.134379327297    1.000000000000
   -0.087721846998    1.000000000000
   -0.018372664228    1.000000000000
    0.946485161781    1.000000000000
   -0.474381834269    1.000000000000
   -0.174182906747    1.000000000000
   -0.274997502565    1.000000000000
    0.452120035887    1.000000000000
   -1.033980965614    1.000000000000
    0.622527480125    1.000000000000
   -1.094850540161    1.000000000000
   -0.194875642657    1.000000000000
   -0.171712294221    1.000000000000
    0.246832504869    1.000000000000
   -0.808312594891    1.000000000000
    0.266226351261    1.000000000000
    0.716038525105    1.000000000000
   -1.746460556984    1.000000000000
    0.171143040061    1.000000000000
   -0.590229928493    1.000000000000
    1.485182523727    1.000000000000
   -0.615703880787    1.000000000000
    1.170896768570    1.000000000000
   -0.069494612515    1.000000000000
   -0.189388975501    1.000000000000
   -0.089513227344    1.000000000000
    0.240430921316    1.000000000000
    1.201447248459    1.000000000000
   -1.946304917336    1.000000000000
   -0.219664588571    1.000000000000
    0.246044293046    1.000000000000
   -1.040881395340    1.000000000000
    0.398926109076    1.000000000000
    0.470115721226    1.000000000000
   -1.167070150375    1.000000000000
   -0.871468722820    1.000000000000
    1.049230575562    1.000000000000
   -1.851962804794    1.000000000000
    1.411048650742    1.000000000000
    1.898676872253    1.000000000000
    1.397808074951    1.000000000000
   -0.311106771231    1.000000000000
    0.323730349541    1.000000000000
   -0.893259406090    1.000000000000
    0.174795195460    1.000000000000
    0.865066289902    1.000000000000
   -0.748259365559    1.000000000000
   -0.808036088943    1.000000000000
   -1.564509749413    1.000000000000
   -0.311618775129    1.000000000000
    0.725745260715    1.000000000000
   -0.998198568821    1.000000000000
    0.323736131191    1.000000000000
   -0.712344527245    1.000000000000
    0.175460860133    1.000000000000
   -0.104379907250    1.000000000000
   -1.478961586952    1.000000000000
   -0.243369266391    1.000000000000
   -1.699506759644    1.000000000000
    0.873814165592    1.000000000000
    0.172655925155    1.000000000000
   -1.187866926193    1.000000000000
   -0.112813234329    1.000000000000
    1.502842068672    1.000000000000
   -0.094432175159    1.000000000000
   -0.663970530033    1.000000000000
    0.355616599321    1.000000000000
    0.183694943786    1.000000000000
    0.397451251745    1.000000000000
   -0.606852889061    1.000000000000
   -0.758032619953    1.000000000000
   -0.296375751495    1.000000000000
   -0.025797899812    1.000000000000
    0.553529560566    1.000000000000
    0.356209188700    1.000000000000
   -0.593659043312    1.000000000000
   -0.913792729378    1.000000000000
    0.110086038709    1.000000000000
   -0.250671982765    1.000000000000
    0.290701836348    1.000000000000
    1.292294502258    1.000000000000
   -0.623773813248    1.000000000000
   -0.930520057678    1.000000000000
    1.689581751823    1.000000000000
    0.660344541073    1.000000000000
    0.867612719536    1.000000000000
   -0.942184507847    1.000000000000
   -1.570206284523    1.000000000000
    0.826576888561    1.000000000000
   -0.388043165207    1.000000000000
    1.637143135071    1.000000000000
   -0.236008927226    1.000000000000
   -0.295924603939    1.000000000000
    0.775202035904    1.000000000000
   -0.865511059761    1.000000000000
    0.750396966934    1.000000000000
    0.740286886692    1.000000000000
   -1.244693398476    1.000000000000
   -2.741671085358    1.000000000000
    2.111340284348    1.000000000000
   -0.569128453732    1.000000000000
    1.531763195992    1.000000000000
   -2.001588344574    1.000000000000
    1.561008930206    1.000000000000
   -0.104307182133    1.000000000000
    0.186271801591    1.000000000000
   -0.515569567680    1.000000000000
    0.176979064941    1.000000000000
    1.266513228416    1.000000000000
   -0.015090296045    1.000000000000
    0.830176889896    1.000000000000
   -0.064167365432    1.000000000000
    1.183537960052    1.000000000000
   -0.690407454967    1.000000000000
    0.245589226484    1.000000000000
   -1.945366144180    1.000000000000
    0.289228379726    1.000000000000
    0.385878652334    1.000000000000
    0.474183350801    1.000000000000
   -0.121798671782    1.000000000000
   -1.872948408127    1.000000000000
    1.906350970268    1.000000000000
    0.069790460169    1.000000000000
    0.346878796816    1.000000000000
    0.512741327286    1.000000000000
   -0.378845244646    1.000000000000
    0.020960904658    1.000000000000
   -0.549006998539    1.000000000000
   -0.839348495007    1.000000000000
    0.485345989466    1.000000000000
   -0.833535432816    1.000000000000
    1.492149233818    1.000000000000
   -0.311693519354    1.000000000000
    1.188773989677    1.000000000000
   -0.432204723358    1.000000000000
    0.591081380844    1.000000000000
   -1.139869809151    1.000000000000
    1.601691842079    1.000000000000
    1.295989036560    1.000000000000
   -0.413217335939    1.000000000000
    0.017510378733    1.000000000000
    1.324138641357    1.000000000000
   -0.582659363747    1.000000000000
   -2.096207618713    1.000000000000
    1.167814493179    1.000000000000
   -0.656198740005    1.000000000000
   -1.045141935349    1.000000000000
   -1.462774276733    1.000000000000
   -1.408287644386    1.000000000000
   -0.102367565036    1.000000000000
   -0.332244068384    1.000000000000
   -1.537434935570    1.000000000000
   -1.710099697113    1.000000000000
    1.135734677315    1.000000000000
    0.641167759895    1.000000000000
   -0.708474993706    1.000000000000
    0.005921319593    1.000000000000
   -0.495802700520    1.000000000000
   -0.230862870812    1.000000000000
   -1.176254391670    1.000000000000
    2.381567478180    1.000000000000
    0.192144125700    1.000000000000
   -0.942336738110    1.000000000000
   -0.457600057125    1.000000000000
    0.609469592571    1.000000000000
   -1.178096055984    1.000000000000
    0.827635288239    1.000000000000
   -0.677650690079    1.000000000000
    1.628672719002    1.000000000000
    1.123968362808    1.000000000000
    0.096486933529    1.000000000000
   -0.812270998955    1.000000000000
    1.151852130890    1.000000000000
   -1.175413966179    1.000000000000
    0.172789841890    1.000000000000
   -0.117348067462    1.000000000000
    1.092756390572    1.000000000000
    1.978437066078    1.000000000000
   -2.974050045013    1.000000000000
    0.730439245701    1.000000000000
    1.184990763664    1.000000000000
    0.486080586910    1.000000000000
    0.475409388542    1.000000000000
    1.322419881821    1.000000000000
   -0.251159191132    1.000000000000
    0.084295503795    1.000000000000
   -1.040778398514    1.000000000000
   -0.266367107630    1.000000000000
   -0.878516256809    1.000000000000
   -0.476649969816    1.000000000000
    1.065296173096    1.000000000000
    0.330263406038    1.000000000000
    0.183649346232    1.000000000000
   -0.657063961029    1.000000000000
    0.183521062136    1.000000000000
   -0.185409665108    1.000000000000
    0.544500112534    1.000000000000
    0.243472993374    1.000000000000
    0.140613913536    1.000000000000
   -0.651925444603    1.000000000000
    0.894110620022    1.000000000000
   -0.217500492930    1.000000000000
    1.324245929718    1.000000000000
   -1.823966145515    1.000000000000
   -0.264046072960    1.000000000000
   -0.035240858793    1.000000000000
    0.733883380890    1.000000000000
   -2.162089586258    1.000000000000
    0.410994678736    1.000000000000
    0.374110013247    1.000000000000
    0.650951325893    1.000000000000
    0.470688164234    1.000000000000
   -0.150830239058    1.000000000000
   -0.488485515118    1.000000000000
   -0.281992912292    1.000000000000
    0.107080101967    1.000000000000
    0.594085276127    1.000000000000
   -0.848070204258    1.000000000000
    1.294742465019    1.000000000000
   -0.027159467340    1.000000000000
    1.357699513435    1.000000000000
   -0.779348015785    1.000000000000
    1.216091513634    1.000000000000
    1.057203292847    1.000000000000
   -1.280737400055    1.000000000000
   -0.960958957672    1.000000000000
   -0.410976111889    1.000000000000
    0.142864659429    1.000000000000
   -0.613806784153    1.000000000000
    0.216757103801    1.000000000000
   -0.559869229794    1.000000000000
    0.875634551048    1.000000000000
   -0.550187706947    1.000000000000
   -0.448199838400    1.000000000000
   -1.625687003136    1.000000000000
    0.825048387051    1.000000000000
   -0.495467185974    1.000000000000
   -0.762697160244    1.000000000000
    2.088200092316    1.000000000000
   -0.224604398012    1.000000000000
   -0.478996664286    1.000000000000
    0.617254018784    1.000000000000
   -0.156505718827    1.000000000000
    0.133241832256    1.000000000000
   -0.434764415026    1.000000000000
    0.095469817519    1.000000000000
    0.659009814262    1.000000000000
   -0.380173712969    1.000000000000
    2.721867799759    1.000000000000
   -0.934112131596    1.000000000000
   -0.918590128422    1.000000000000
   -1.142699718475    1.000000000000
   -1.075096845627    1.000000000000
   -2.554222822189    1.000000000000
   -0.342430919409    1.000000000000
   -0.625859856606    1.000000000000
    1.057386398315    1.000000000000
    0.378189712763    1.000000000000
    1.180851697922    1.000000000000
   -0.746941030025    1.000000000000
   -1.583334088326    1.000000000000
    0.091668315232    1.000000000000
    1.159051656723    1.000000000000
    0.096326373518    1.000000000000
    0.001210684422    1.000000000000
   -0.018227823079    1.000000000000
    0.891236901283    1.000000000000
   -0.280474066734    1.000000000000
   -0.153376609087    1.000000000000
   -1.173735380173    1.000000000000
   -1.097048282623    1.000000000000
    0.877611696720    1.000000000000
    0.389656335115    1.000000000000
   -1.329706668854    1.000000000000
   -0.719012260437    1.000000000000
    1.204699754715    1.000000000000
    0.476829320192    1.000000000000
    0.863590717316    1.000000000000
    2.822741985321    1.000000000000
   -0.010062834248    1.000000000000
   -1.700630068779    1.000000000000
    0.642076730728    1.000000000000
    0.439627408981    1.000000000000
   -0.030587613583    1.000000000000
    0.969590365887    1.000000000000
   -0.986458361149    1.000000000000
    1.075605630875    1.000000000000
    0.150256499648    1.000000000000
    0.791043162346    1.000000000000
   -0.447425216436    1.000000000000
    0.088197305799    1.000000000000
    1.635623693466    1.000000000000
    0.137884289026    1.000000000000
    0.851202905178    1.000000000000
   -1.167120099068    1.000000000000
   -1.285163521767    1.000000000000
    0.191925093532    1.000000000000
   -0.090952843428    1.000000000000
   -0.781625807285    1.000000000000
    0.944056510925    1.000000000000
   -0.208505570889    1.000000000000
    1.076140761375    1.000000000000
   -0.765440642834    1.000000000000
   -2.453450679779    1.000000000000
   -0.945764720440    1.000000000000
    0.140341237187    1.000000000000
   -0.370177358389    1.000000000000
    0.275468528271    1.000000000000
    0.332101434469    1.000000000000
   -2.115327119827    1.000000000000
    0.659863710403    1.000000000000
    0.020658120513    1.000000000000
   -0.703934669495    1.000000000000
    0.199957713485    1.000000000000
    0.407251268625    1.000000000000
   -1.746484041214    1.000000000000
   -1.326819896698    1.000000000000
   -0.008847825229    1.000000000000
    0.075877234340    1.000000000000
    0.866714537144    1.000000000000
    1.949206352234    1.000000000000
   -0.671029567719    1.000000000000
   -0.929197192192    1.000000000000
    0.651625692844    1.000000000000
   -0.215858712792    1.000000000000
    0.639293432236    1.000000000000
    1.354376912117    1.000000000000
   -1.160839796066    1.000000000000
    0.708852887154    1.000000000000
    0.500685632229    1.000000000000
   -0.667835295200    1.000000000000
   -0.140126183629    1.000000000000
    0.969822883606    1.000000000000
   -0.188037186861    1.000000000000
    0.029911655933    1.000000000000
   -0.252464860678    1.000000000000
   -1.215665340424    1.000000000000
    1.432862758636    1.000000000000
    0.265382826328    1.000000000000
    1.544321060181    1.000000000000
   -0.244320735335    1.000000000000
    0.965891957283    1.000000000000
   -0.756513595581    1.000000000000
   -0.804139852524    1.000000000000
   -1.038607597351    1.000000000000
    1.026545643806    1.000000000000
   -1.528955340385    1.000000000000
   -0.216699585319    1.000000000000
    1.797539234161    1.000000000000
   -2.129867315292    1.000000000000
    1.059456825256    1.000000000000
    1.558336615562    1.000000000000
    1.521081924438    2.000000000000
    1.274440884590    2.000000000000
    1.046891808510    2.000000000000
    1.439497351646    2.000000000000
   -0.169941246510    2.000000000000
    1.128684520721    2.000000000000
   -0.024740457535    2.000000000000
    0.794765770435    2.000000000000
    0.660158991814    2.000000000000
    1.687129259109    2.000000000000
    1.721610069275    2.000000000000
    1.846606016159    2.000000000000
    0.547643661499    2.000000000000
    0.959970831871    2.000000000000
   -0.411914050579    2.000000000000
    0.212310731411    2.000000000000
    0.184690654278    2.000000000000
    0.765477776527    2.000000000000
    0.553406953812    2.000000000000
    1.586021900177    2.000000000000
   -1.446788549423    2.000000000000
    0.549704074860    2.000000000000
   -0.695069968700    2.000000000000
    0.436917155981    2.000000000000
    2.003633737564    2.000000000000
    0.117763102055    2.000000000000
    1.997806072235    2.000000000000
    1.461786031723    2.000000000000
    1.001246690750    2.000000000000
   -1.628875970840    2.000000000000
    0.138993799686    2.000000000000
    1.518632411957    2.000000000000
    1.739959716797    2.000000000000
   -0.114702880383    2.000000000000
    1.136996269226    2.000000000000
    0.225082755089    2.000000000000
    0.685589611530    2.000000000000
    2.898687124252    2.000000000000
    0.600147366524    2.000000000000
   -2.208649873734    2.000000000000
    0.803167343140    2.000000000000
    1.304805994034    2.000000000000
    0.250955343246    2.000000000000
   -1.172838926315    2.000000000000
    1.514598369598    2.000000000000
    0.601850509644    2.000000000000
    0.242419421673    2.000000000000
   -0.023859679699    2.000000000000
    1.001342058182    2.000000000000
    1.265377998352    2.000000000000
   -0.101235806942    2.000000000000
    0.920752644539    2.000000000000
    0.222245573997    2.000000000000
   -0.420272409916    2.000000000000
    0.962207973003    2.000000000000
    0.508823990822    2.000000000000
    1.678191423416    2.000000000000
    1.377067089081    2.000000000000
    0.953907191753    2.000000000000
    1.155599117279    2.000000000000
    1.187726020813    2.000000000000
    1.436251401901    2.000000000000
    2.302270650864    2.000000000000
    0.369120061398    2.000000000000
    1.433124780655    2.000000000000
    2.114590644836    2.000000000000
   -1.409648895264    2.000000000000
    0.843830943108    2.000000000000
    0.803991138935    2.000000000000
   -0.443517744541    2.000000000000
    1.241510272026    2.000000000000
    0.825875163078    2.000000000000
   -0.091727375984    2.000000000000
   -0.455870330334    2.000000000000
    2.171679258347    2.000000000000
    1.392266273499    2.000000000000
    1.928400039673    2.000000000000
    0.589964926243    2.000000000000
    1.486674666405    2.000000000000
    0.796702265739    2.000000000000
   -0.386641681194    2.000000000000
    1.347666263580    2.000000000000
    1.015778064728    2.000000000000
   -0.136101841927    2.000000000000
    0.603825688362    2.000000000000
    1.684640526772    2.000000000000
   -2.413447618484    2.000000000000
    1.420210957527    2.000000000000
   -0.012317359447    2.000000000000
    0.440015226603    2.000000000000
    2.292025327682    2.000000000000
   -0.175310134888    2.000000000000
   -1.897465467453    2.000000000000
    0.825770914555    2.000000000000
    0.626036405563    2.000000000000
   -0.325252234936    2.000000000000
   -0.175175130367    2.000000000000
    2.716960906982    2.000000000000
    0.408294618130    2.000000000000
    0.615605235100    2.000000000000
    1.530045986176    2.000000000000
    1.581320881844    2.000000000000
    0.065921247005    2.000000000000
   -0.379178702831    2.000000000000
   -0.494337975979    2.000000000000
    0.972865819931    2.000000000000
    1.543448925018    2.000000000000
   -0.368171870708    2.000000000000
    0.243198335171    2.000000000000
    0.200824856758    2.000000000000
    1.587029337883    2.000000000000
   -1.498809576035    2.000000000000
   -0.445285022259    2.000000000000
    1.931901454926    2.000000000000
    1.374631166458    2.000000000000
    0.819319069386    2.000000000000
    2.065051555634    2.000000000000
   -0.799874961376    2.000000000000
    0.884343862534    2.000000000000
    3.033420085907    2.000000000000
    1.960300922394    2.000000000000
    1.527414083481    2.000000000000
   -0.732060253620    2.000000000000
    1.168806672096    2.000000000000
    2.228194713593    2.000000000000
    2.206024169922    2.000000000000
    2.239052295685    2.000000000000
    1.295307874680    2.000000000000
    0.947932004929    2.000000000000
    0.097303569317    2.000000000000
   -0.125669360161    2.000000000000
   -0.208187639713    2.000000000000
   -0.338000953197    2.000000000000
    0.889812827110    2.000000000000
    1.800857305527    2.000000000000
    0.009007036686    2.000000000000
    0.290950357914    2.000000000000
   -0.246516168118    2.000000000000
    2.260285139084    2.000000000000
    2.695093631744    2.000000000000
    0.572657823563    2.000000000000
    0.262737274170    2.000000000000
    0.404513806105    2.000000000000
    0.322143971920    2.000000000000
    1.101368784904    2.000000000000
   -1.042105674744    2.000000000000
    1.010295987129    2.000000000000
    0.573788881302    2.000000000000
    0.728235483170    2.000000000000
    0.299743413925    2.000000000000
    1.644381999969    2.000000000000
    0.709404706955    2.000000000000
    2.757257699966    2.000000000000
   -1.329813003540    2.000000000000
   -0.130489826202    2.000000000000
    0.497815936804    2.000000000000
    0.945606768131    2.000000000000
    1.356061697006    2.000000000000
    1.439915418625    2.000000000000
   -0.649931490421    2.000000000000
    0.889674901962    2.000000000000
    0.904878199100    2.000000000000
    0.840502679348    2.000000000000
    0.762982785702    2.000000000000
    0.568835914135    2.000000000000
    0.916210174561    2.000000000000
    0.246226429939    2.000000000000
    0.702400028706    2.000000000000
   -0.021962583065    2.000000000000
    1.273524403572    2.000000000000
    0.830773770809    2.000000000000
    0.864422023296    2.000000000000
    0.012241423130    2.000000000000
    0.930528044701    2.000000000000
    2.555205106735    2.000000000000
    0.652686655521    2.000000000000
    1.312122464180    2.000000000000
   -0.865937054157    2.000000000000
    0.727073371410    2.000000000000
    1.527543187141    2.000000000000
    0.962731719017    2.000000000000
    0.311949670315    2.000000000000
    1.842111825943    2.000000000000
    0.922130584717    2.000000000000
    2.475236892700    2.000000000000
    0.796787679195    2.000000000000
    0.396584272385    2.000000000000
    2.421815156937    2.000000000000
   -0.132548928261    2.000000000000
    0.553922772408    2.000000000000
    0.512398600578    2.000000000000
    1.725215911865    2.000000000000
    1.395011425018    2.000000000000
    1.765490531921    2.000000000000
   -0.406567394733    2.000000000000
    4.055402278900    2.000000000000
    1.381691694260    2.000000000000
    1.087518692017    2.000000000000
    0.312250852585    2.000000000000
    2.606580018997    2.000000000000
   -0.048814415932    2.000000000000
    0.864751458168    2.000000000000
    1.187891960144    2.000000000000
   -0.505148589611    2.000000000000
    1.263984203339    2.000000000000
    0.385056257248    2.000000000000
    2.699650526047    2.000000000000
    1.313885927200    2.000000000000
   -3.162514686584    2.000000000000
   -1.821274757385    2.000000000000
   -0.312504112720    2.000000000000
   -1.606088638306    2.000000000000
   -0.393540322781    2.000000000000
    2.515433311462    2.000000000000
    1.086424708366    2.000000000000
    0.835604071617    2.000000000000
    0.933807373047    2.000000000000
    0.535692811012    2.000000000000
    0.471079200506    2.000000000000
    1.683112621307    2.000000000000
    0.372876942158    2.000000000000
    2.248899459839    2.000000000000
    0.124943435192    2.000000000000
    0.906770288944    2.000000000000
    1.088652372360    2.000000000000
    1.286305546761    2.000000000000
    1.837308883667    2.000000000000
    0.982438921928    2.000000000000
    1.253082275391    2.000000000000
    2.009140014648    2.000000000000
    1.003502368927    2.000000000000
    0.454039543867    2.000000000000
    0.590717315674    2.000000000000
    1.739418268204    2.000000000000
    1.319563984871    2.000000000000
    2.105490207672    2.000000000000
    0.426798641682    2.000000000000
    0.839192748070    2.000000000000
   -0.285636126995    2.000000000000
    1.014555454254    2.000000000000
   -0.109529733658    2.000000000000
    1.374037265778    2.000000000000
    2.247773885727    2.000000000000
    2.101868391037    2.000000000000
    0.986368656158    2.000000000000
    2.042638063431    2.000000000000
    2.228866815567    2.000000000000
   -0.007917881012    2.000000000000
    1.356314539909    2.000000000000
    0.026534378529    2.000000000000
    1.558624386787    2.000000000000
    1.896361351013    2.000000000000
    0.888500452042    2.000000000000
   -0.193576931953    2.000000000000
   -0.147466599941    2.000000000000
   -0.057933509350    2.000000000000
    1.732358694077    2.000000000000
    0.927111566067    2.000000000000
    0.669570028782    2.000000000000
    0.348595112562    2.000000000000
    0.600836396217    2.000000000000
    2.150134801865    2.000000000000
    0.246356189251    2.000000000000
    1.878666639328    2.000000000000
   -0.298499882221    2.000000000000
    0.355173379183    2.000000000000
    1.513387918472    2.000000000000
    1.438614010811    2.000000000000
    1.181097865105    2.000000000000
    0.611981868744    2.000000000000
    3.036490440369    2.000000000000
    0.346466034651    2.000000000000
    0.601641297340    2.000000000000
    0.097395241261    2.000000000000
   -0.603489935398    2.000000000000
    0.707907080650    2.000000000000
    1.101331591606    2.000000000000
   -0.419270932674    2.000000000000
   -0.064709424973    2.000000000000
    0.583287596703    2.000000000000
    0.763858795166    2.000000000000
   -0.041654109955    2.000000000000
    0.162529945374    2.000000000000
    0.615126967430    2.000000000000
    1.362588405609    2.000000000000
    0.619629442692    2.000000000000
   -0.138790786266    2.000000000000
    0.539923071861    2.000000000000
   -0.450488865376    2.000000000000
    2.350924253464    2.000000000000
    0.955203890800    2.000000000000
    2.544900178909    2.000000000000
    2.347460508347    2.000000000000
   -0.029582679272    2.000000000000
   -0.642635285854    2.000000000000
    1.825950384140    2.000000000000
    1.697269558907    2.000000000000
    1.533104419708    2.000000000000
   -0.305312693119    2.000000000000
    0.991127967834    2.000000000000
    0.812749803066    2.000000000000
    0.532746493816    2.000000000000
    0.716136574745    2.000000000000
   -0.633288800716    2.000000000000
    1.487384319305    2.000000000000
    1.229040980339    2.000000000000
   -0.787411034107    2.000000000000
    0.262176096439    2.000000000000
   -0.264267742634    2.000000000000
    1.590959310532    2.000000000000
    0.134400188923    2.000000000000
    0.679728329182    2.000000000000
    1.223404169083    2.000000000000
    0.505892813206    2.000000000000
    2.469561815262    2.000000000000
    0.620591044426    2.000000000000
   -0.736696183681    2.000000000000
   -0.646074950695    2.000000000000
    0.839658856392    2.000000000000
    1.278017640114    2.000000000000
    0.157313585281    2.000000000000
    0.054535925388    2.000000000000
    3.241406202316    2.000000000000
   -0.478598415852    2.000000000000
    0.404150247574    2.000000000000
   -0.848272144794    2.000000000000
    0.374194025993    2.000000000000
    2.010815143585    2.000000000000
   -0.424515426159    2.000000000000
    0.094341635704    2.000000000000
    0.317007899284    2.000000000000
   -0.237201273441    2.000000000000
    1.219184041023    2.000000000000
    1.154711604118    2.000000000000
   -0.680441796780    2.000000000000
   -1.690285921097    2.000000000000
    0.650531947613    2.000000000000
    1.704085588455    2.000000000000
    0.399530440569    2.000000000000
    2.021306991577    2.000000000000
   -0.452229321003    2.000000000000
    2.339853763580    2.000000000000
    1.248197674751    2.000000000000
    2.011911153793    2.000000000000
    1.842571020126    2.000000000000
    1.078632593155    2.000000000000
    1.008752584457    2.000000000000
    0.755510985851    2.000000000000
    1.420644521713    2.000000000000
    1.429316520691    2.000000000000
    2.425251960754    2.000000000000
    0.709123671055    2.000000000000
   -0.300683081150    2.000000000000
   -1.388838291168    2.000000000000
    0.161646008492    2.000000000000
    0.710244417191    2.000000000000
    0.425373107195    2.000000000000
    1.312506079674    2.000000000000
    0.473963052034    2.000000000000
    0.910284638405    2.000000000000
   -0.595423877239    2.000000000000
    0.521638095379    2.000000000000
    0.635066926479    2.000000000000
   -0.060551166534    2.000000000000
    1.076459169388    2.000000000000
    2.257709980011    2.000000000000
    0.219385921955    2.000000000000
    2.087214231491    2.000000000000
    1.733621835709    2.000000000000
    1.159748315811    2.000000000000
    2.063106536865    2.000000000000
   -0.907184541225    2.000000000000
   -0.579250991344    2.000000000000
    1.744629263878    2.000000000000
    0.518474519253    2.000000000000
    0.032881557941    2.000000000000
    0.057570874691    2.000000000000
    1.669659256935    2.000000000000
    0.778133094311    2.000000000000
    1.621813297272    2.000000000000
    0.457859426737    2.000000000000
    0.434242546558    2.000000000000
    0.449925631285    2.000000000000
    0.302492052317    2.000000000000
    1.137553572655    2.000000000000
    0.649844408035    2.000000000000
    1.256321191788    2.000000000000
    0.602953433990    2.000000000000
   -0.768242299557    2.000000000000
   -0.063814103603    2.000000000000
    0.882360637188    2.000000000000
    0.737374484539    2.000000000000
    1.875881433487    2.000000000000
    1.789784431458    2.000000000000
    1.472797989845    2.000000000000
   -0.169708549976    2.000000000000
    0.114969134331    2.000000000000
    0.331940472126    2.000000000000
    0.270623505116    2.000000000000
    0.654009461403    2.000000000000
    0.168478071690    2.000000000000
   -0.807758629322    2.000000000000
    1.016514539719    2.000000000000
    1.590474605560    2.000000000000
    1.443236708641    2.000000000000
   -0.100722193718    2.000000000000
    1.517183065414    2.000000000000
    1.503449440002    2.000000000000
    2.225331544876    2.000000000000
    1.199934720993    2.000000000000
   -0.376058042049    2.000000000000
    0.238309800625    2.000000000000
    1.793273687363    2.000000000000
    0.905094742775    2.000000000000
    0.402788490057    2.000000000000
    1.648123383522    2.000000000000
    2.235677719116    2.000000000000
    0.087794125080    2.000000000000
    0.960142731667    2.000000000000
   -0.676004469395    2.000000000000
   -0.169636845589    2.000000000000
    0.235946059227    2.000000000000
    0.336180776358    2.000000000000
   -0.641854107380    2.000000000000
    0.710491418839    2.000000000000
    0.918181538582    2.000000000000
    0.265595316887    2.000000000000
    0.958377778530    2.000000000000
    0.564843714237    2.000000000000
    1.780599594116    2.000000000000
   -1.097594499588    2.000000000000
    1.492196083069    2.000000000000
    2.353103637695    2.000000000000
    2.262521505356    2.000000000000
    2.336518049240    2.000000000000
    0.740998804569    2.000000000000
   -0.203047573566    2.000000000000
    1.152174353600    2.000000000000
    0.387661933899    2.000000000000
   -0.130631625652    2.000000000000
    0.614503681660    2.000000000000
    1.006009936333    2.000000000000
   -0.321278631687    2.000000000000
   -1.388817071915    2.000000000000
    1.273541450500    2.000000000000
    0.794220209122    2.000000000000
    0.935326516628    2.000000000000
    1.064396858215    2.000000000000
    2.781412124634    2.000000000000
    1.166962623596    2.000000000000
    2.923860073090    2.000000000000
    2.404413700104    2.000000000000
   -0.391549289227    2.000000000000
   -0.084233999252    2.000000000000
    1.607151150703    2.000000000000
    1.593761920929    2.000000000000
    0.549331247807    2.000000000000
    2.333743095398    2.000000000000
    0.079331159592    2.000000000000
    1.550915598869    2.000000000000
    1.914480209351    2.000000000000
    0.358915120363    2.000000000000
    0.560379743576    2.000000000000
    0.024655520916    2.000000000000
    1.235600352287    2.000000000000
    1.406100988388    2.000000000000
    1.141543626785    2.000000000000
    1.464977502823    2.000000000000
   -0.975073516369    2.000000000000
    3.373677730560    2.000000000000
    1.360850095749    2.000000000000
    1.382899761200    2.000000000000
   -0.693611204624    2.000000000000
    1.844951629639    2.000000000000
    0.615238189697    2.000000000000
    2.145004272461    2.000000000000
    1.287989497185    2.000000000000
    3.193075418472    2.000000000000
    1.943867921829    2.000000000000
    2.397025823593    2.000000000000
    0.688918471336    2.000000000000
    2.550146341324    2.000000000000
    1.321774482727    2.000000000000
    0.273093879223    2.000000000000
   -0.537045538425    2.000000000000
    0.533278405666    2.000000000000
   -0.081365644932    2.000000000000
    0.068615138531    2.000000000000
    2.561268806458    2.000000000000
    1.421027064323    2.000000000000
   -0.440179884434    2.000000000000
    0.228663682938    2.000000000000
    2.182789802551    2.000000000000
   -0.738810360432    2.000000000000
   -0.132616162300    2.000000000000
    0.005157828331    2.000000000000
    1.337324023247    2.000000000000
   -0.356686055660    2.000000000000
    1.534413337708    2.000000000000
    3.948036670685    2.000000000000
    0.594861507416    2.000000000000
    1.024186372757    2.000000000000
    1.335480213165    2.000000000000
    3.765471696854    2.000000000000
    0.404935151339    2.000000000000
    0.683722674847    2.000000000000
    1.136863112450    2.000000000000
    2.021149873734    2.000000000000
    0.504760384560    2.000000000000
    0.830818355083    2.000000000000
    1.263844966888    2.000000000000
   -1.032485246658    2.000000000000
   -0.211474239826    2.000000000000
    0.894227683544    2.000000000000
    0.632210135460    2.000000000000
    0.439801186323    2.000000000000
    1.453073143959    2.000000000000
    1.862638235092    2.000000000000
   -0.511459529400    2.000000000000
    1.713533639908    2.000000000000
    0.619020700455    2.000000000000
    0.428885996342    2.000000000000
    0.946028113365    2.000000000000
    1.214865684509    2.000000000000
    0.225850164890    2.000000000000
   -1.003719568253    2.000000000000
    0.868846297264    2.000000000000
    1.672142148018    2.000000000000
    1.350021600723    2.000000000000
    1.091931581497    2.000000000000
    0.836880624294    2.000000000000
    1.636275291443    2.000000000000
    0.262841343880    2.000000000000
    1.118903517723    2.000000000000
    2.207679271698    2.000000000000
   -0.169264078140    2.000000000000
   -0.743308722973    2.000000000000
   -0.029644131660    2.000000000000
    0.046630442142    2.000000000000
    0.499092578888    2.000000000000
    1.386921763420    2.000000000000
   -0.092634320259    2.000000000000
    1.375729322433    2.000000000000
   -0.174712955952    2.000000000000
   -0.290486037731    2.000000000000
    2.976886510849    2.000000000000
    0.893325448036    2.000000000000
    1.369754791260    2.000000000000
    0.561019003391    2.000000000000
   -0.393597543240    2.000000000000
    1.458967804909    2.000000000000
    0.809734821320    2.000000000000
    0.772533833981    2.000000000000
    0.215368151665    2.000000000000
   -0.049194455147    2.000000000000
   -0.025817692280    2.000000000000
   -0.182518303394    2.000000000000
    0.243140876293    2.000000000000
    1.096679568291    2.000000000000
    0.110156416893    2.000000000000
    1.128488540649    2.000000000000
    0.040663838387    2.000000000000
    0.500573694706    2.000000000000
   -0.287247240543    2.000000000000
    1.417791724205    2.000000000000
    2.212659597397    2.000000000000
    0.270008325577    2.000000000000
    2.193076372147    2.000000000000
   -1.178858280182    2.000000000000
   -0.452327072620    2.000000000000
    0.800295352936    2.000000000000
    1.355174779892    2.000000000000
    0.534204363823    2.000000000000
    0.874654889107    2.000000000000
    1.148146152496    2.000000000000
   -0.552609503269    2.000000000000
    1.049213051796    2.000000000000
    0.739225506783    2.000000000000
   -0.985638201237    2.000000000000
    0.388284265995    2.000000000000
    1.183799266815    2.000000000000
    1.462779164314    2.000000000000
    2.093989610672    2.000000000000
    1.496919155121    2.000000000000
    1.012751579285    2.000000000000
    2.456110715866    2.000000000000
    1.253539443016    2.000000000000
   -0.048934280872    2.000000000000
    1.272476196289    2.000000000000
    1.213458299637    2.000000000000
    0.978757441044    2.000000000000
    1.127326488495    2.000000000000
   -1.804791927338    2.000000000000
   -0.705325067043    2.000000000000
    1.036020278931    2.000000000000
    1.039615511894    2.000000000000
    1.130085587502    2.000000000000
    0.744035184383    2.000000000000
    0.776360154152    2.000000000000
    0.386471509933    2.000000000000
    1.566274404526    2.000000000000
    0.705081105232    2.000000000000
    0.881779193878    2.000000000000
   -0.324253141880    2.000000000000
    3.303350925446    2.000000000000
    0.332073897123    2.000000000000
   -0.747184097767    2.000000000000
    0.681440711021    2.000000000000
   -0.733416259289    2.000000000000
   -0.186308681965    2.000000000000
    0.616569697857    2.000000000000
    0.523218214512    2.000000000000
    0.888275265694    2.000000000000
    0.916002750397    2.000000000000
    0.337940633297    2.000000000000
    0.528821110725    2.000000000000
   -0.181427180767    2.000000000000
    0.984239399433    2.000000000000
    0.505055963993    2.000000000000
    0.092897236347    2.000000000000
   -0.081009566784    2.000000000000
    1.300066471100    2.000000000000
    0.739440798759    2.000000000000
    0.789267718792    2.000000000000
    0.573646128178    2.000000000000
    1.911438703537    2.000000000000
   -0.071990251541    2.000000000000
    1.084506273270    2.000000000000
    1.353239536285    2.000000000000
    0.502918720245    2.000000000000
    1.187481880188    2.000000000000
    1.924475193024    2.000000000000
   -0.650261104107    2.000000000000
   -0.206222236156    2.000000000000
    2.747086524963    2.000000000000
    0.269886553288    2.000000000000
   -0.212369143963    2.000000000000
   -0.493291556835    2.000000000000
   -0.546651303768    2.000000000000
    1.111120343208    2.000000000000
    1.423057079315    2.000000000000
    2.468204736710    2.000000000000
    1.917409658432    2.000000000000
    3.842276096344    2.000000000000
    0.164029121399    2.000000000000
    0.677374601364    2.000000000000
   -0.126813888550    2.000000000000
    1.807523965836    2.000000000000
    2.428820133209    2.000000000000
    1.041072487831    2.000000000000
    0.477545768023    2.000000000000
    0.271366655827    2.000000000000
    2.440387010574    2.000000000000
    1.212794065475    2.000000000000
    0.135249018669    2.000000000000
    0.279552221298    2.000000000000
    1.148868083954    2.000000000000
   -1.749054908752    2.000000000000
    0.802407741547    2.000000000000
    0.545095741749    2.000000000000
   -0.319632351398    2.000000000000
   -0.169492542744    2.000000000000
    1.798710823059    2.000000000000
    0.164617121220    2.000000000000
    1.241280317307    2.000000000000
    1.240077853203    2.000000000000
   -0.062313854694    2.000000000000
    4.297035217285    2.000000000000
    2.664168357849    2.000000000000
    0.571785569191    2.000000000000
    0.942122936249    2.000000000000
    1.643174052238    2.000000000000
    1.466902852058    2.000000000000
    0.398760646582    2.000000000000
    0.608863294125    2.000000000000
    1.385259151459    2.000000000000
    2.191859006882    2.000000000000
    0.879611432552    2.000000000000
    0.883208274841    2.000000000000
    2.924633502960    2.000000000000
    1.015109539032    2.000000000000
    0.969993650913    2.000000000000
    2.271574020386    2.000000000000
    1.164888381958    2.000000000000
    1.458262801170    2.000000000000
    0.712086737156    2.000000000000
    0.356916993856    2.000000000000
    2.045333147049    2.000000000000
    0.508520126343    2.000000000000
    3.463664770126    2.000000000000
    0.892122626305    2.000000000000
    0.728463768959    2.000000000000
   -0.039205133915    2.000000000000
    1.923330783844    2.000000000000
    0.355079412460    2.000000000000
   -0.558455526829    2.000000000000
    1.300836801529    2.000000000000
    1.630105853081    2.000000000000
    0.171539783478    2.000000000000
   -0.404866278172    2.000000000000
    0.047352075577    2.000000000000
    3.428020238876    2.000000000000
    1.048127412796    2.000000000000
    1.113019108772    2.000000000000
    0.894292950630    2.000000000000
    0.080592870712    2.000000000000
    1.869414091110    2.000000000000
   -0.774664938450    2.000000000000
    1.229460477829    2.000000000000
    0.182394444942    2.000000000000
    2.687552928925    2.000000000000
    0.701072275639    2.000000000000
    0.202722012997    2.000000000000
    1.087422728539    2.000000000000
   -0.093972742558    2.000000000000
    0.498124212027    2.000000000000
    0.647504091263    2.000000000000
    0.494626730680    2.000000000000
    0.166342437267    2.000000000000
    1.519308805466    2.000000000000
    0.765034675598    2.000000000000
   -0.441396653652    2.000000000000
    0.464979767799    2.000000000000
    2.382432937622    2.000000000000
    0.772194981575    2.000000000000
   -0.518178999424    2.000000000000
    1.847165346146    2.000000000000
    1.420910120010    2.000000000000
    1.535592913628    2.000000000000
    1.223004221916    2.000000000000
    0.705053091049    2.000000000000
    1.092997312546    2.000000000000
    0.517185926437    2.000000000000
    0.046772301197    2.000000000000
    3.326832056046    2.000000000000
    1.145651340485    2.000000000000
    0.555730879307    2.000000000000
    1.397710323334    2.000000000000
    0.211975455284    2.000000000000
    1.461162328720    2.000000000000
   -0.061591625214    2.000000000000
    1.109897971153    2.000000000000
    2.057502985001    2.000000000000
    0.646099448204    2.000000000000
   -0.827372491360    2.000000000000
    0.247308135033    2.000000000000
    1.276075601578    2.000000000000
    0.257798552513    2.000000000000
    1.527002096176    2.000000000000
   -0.676401793957    2.000000000000
    0.873144090176    2.000000000000
    0.042211771011    2.000000000000
    0.556002497673    2.000000000000
    1.818830013275    2.000000000000
    0.552005887032    2.000000000000
    1.058111310005    2.000000000000
    2.040734291077    2.000000000000
   -0.058642804623    2.000000000000
    2.355662584305    2.000000000000
    0.759182453156    2.000000000000
   -0.506093680859    2.000000000000
    1.508022308350    2.000000000000
    1.194606542587    2.000000000000
    2.572671175003    2.000000000000
    1.266629219055    2.000000000000
    1.238018155098    2.000000000000
    0.631677508354    2.000000000000
    0.627879619598    2.000000000000
    1.223975419998    2.000000000000
   -0.694434225559    2.000000000000
    0.457824498415    2.000000000000
    1.551052093506    2.000000000000
    1.389416456223    2.000000000000
    1.555420398712    2.000000000000
    1.994749546051    2.000000000000
   -0.590202033520    2.000000000000
    1.516852617264    2.000000000000
   -0.428258478642    2.000000000000
   -0.240974605083    2.000000000000
    2.230077266693    2.000000000000
   -0.341605246067    2.000000000000
    2.860016345978    2.000000000000
    0.161144614220    2.000000000000
    0.033431828022    2.000000000000
    1.796523094177    2.000000000000
   -0.320481002331    2.000000000000
    2.156802177429    2.000000000000
    0.814285695553    2.000000000000
   -0.059054911137    2.000000000000
    1.893971443176    2.000000000000
    1.640067338943    2.000000000000
    0.255645453930    2.000000000000
   -0.292507588863    2.000000000000
    1.736755609512    2.000000000000
    1.204691410065    2.000000000000
    0.147117555141    2.000000000000
   -0.363956391811    2.000000000000
    0.057987272739    2.000000000000
    1.895290136337    2.000000000000
   -0.581247508526    2.000000000000
    1.818884849548    2.000000000000
    1.471412301064    2.000000000000
   -0.228364884853    2.000000000000
    1.336225986481    2.000000000000
    1.822719573975    2.000000000000
    1.657198667526    2.000000000000
    1.021818041801    2.000000000000
    0.216537058353    2.000000000000
    1.555008172989    2.000000000000
   -0.516198694706    2.000000000000
    1.606228113174    2.000000000000
    0.610678315163    2.000000000000
    0.277306139469    2.000000000000
    2.300748348236    2.000000000000
   -0.936528265476    2.000000000000
    0.792377173901    2.000000000000
    0.103045940399    2.000000000000
    0.182387173176    2.000000000000
    1.537261247635    2.000000000000
    1.233507275581    2.000000000000
   -0.566388547421    2.000000000000
   -1.295077085495    2.000000000000
    0.450828105211    2.000000000000
    1.114635944366    2.000000000000
    1.231231689453    2.000000000000
    0.854581892490    2.000000000000
    1.782304286957    2.000000000000
   -0.491096079350    2.000000000000
    1.600147962570    2.000000000000
    0.684146881104    2.000000000000
    1.326901435852    2.000000000000
    0.357153326273    2.000000000000
    0.502412140369    2.000000000000
   -0.471767604351    2.000000000000
    3.620530605316    2.000000000000
    2.406014442444    2.000000000000
    0.192934930325    2.000000000000
   -0.970979392529    2.000000000000
   -0.335473001003    2.000000000000
    1.830460786819    2.000000000000
    0.774740278721    2.000000000000
    2.289031744003    2.000000000000
    0.780171453953    2.000000000000
   -1.233114242554    2.000000000000
   -0.184628427029    2.000000000000
   -0.058384418488    2.000000000000
    0.476320505142    2.000000000000
    1.187409162521    2.000000000000
    0.967989206314    2.000000000000
    0.933471083641    2.000000000000
    1.020810365677    2.000000000000
    0.670965671539    2.000000000000
   -0.411220490932    2.000000000000
   -0.599522531033    2.000000000000
    0.322801321745    2.000000000000
    0.783371269703    2.000000000000
    0.782024919987    2.000000000000
    1.446799039841    2.000000000000
    0.438086360693    2.000000000000
    1.832900524139    2.000000000000
   -1.149415016174    2.000000000000
    0.587763547897    2.000000000000
    0.347818881273    2.000000000000
    0.919554352760    2.000000000000
    1.244133472443    2.000000000000
    0.699654400349    2.000000000000
    0.942444682121    2.000000000000
    1.652490139008    2.000000000000
    0.215722262859    2.000000000000
   -0.756099164486    2.000000000000
    2.423573493958    2.000000000000
    1.550313353539    2.000000000000
    2.344275712967    2.000000000000
   -1.044687271118    2.000000000000
    1.240525126457    2.000000000000
   -0.365473330021    2.000000000000
    0.538876891136    2.000000000000
    2.255670309067    2.000000000000
    0.576880395412    2.000000000000
   -0.223705470562    2.000000000000
    0.981003642082    2.000000000000
   -0.702310264111    2.000000000000
    2.572352647781    2.000000000000
   -0.592613518238    2.000000000000
    1.344638347626    2.000000000000
   -0.025870442390    2.000000000000
    0.092527329922    2.000000000000
   -0.696940600872    2.000000000000
    1.647639751434    2.000000000000
    0.887633204460    2.000000000000
   -0.026412904263    2.000000000000
    1.399688005447    2.000000000000
   -0.426656424999    2.000000000000
    0.960097849369    2.000000000000
    1.228871822357    2.000000000000
   -1.288961648941    2.000000000000
    0.362751513720    2.000000000000
    0.660245239735    2.000000000000
    1.439187049866    2.000000000000
    2.362373590469    2.000000000000
    0.145990967751    2.000000000000
    2.139399766922    2.000000000000
    1.514321088791    2.000000000000
   -0.583631336689    2.000000000000
    0.571381807327    2.000000000000
    0.323009401560    2.000000000000
   -0.281329929829    2.000000000000
    0.864512860775    2.000000000000
    1.966123580933    2.000000000000
    1.188033103943    2.000000000000
    1.990040540695    2.000000000000
    1.321271419525    2.000000000000
    2.864588022232    2.000000000000
    1.109513044357    2.000000000000
    0.316676348448    2.000000000000
    1.063835263252    2.000000000000
   -0.539624869823    2.000000000000
    0.996804356575    2.000000000000
    0.829044878483    2.000000000000
    0.285328805447    2.000000000000
   -0.401690065861    2.000000000000
    1.158759951591    2.000000000000
    2.460832834244    2.000000000000
    2.641105413437    2.000000000000
    0.669588625431    2.000000000000
    1.158316612244    2.000000000000
    0.658722400665    2.000000000000
    1.678850412369    2.000000000000
    0.596866369247    2.000000000000
    0.429463952780    2.000000000000
   -0.383601725101    2.000000000000
    2.308932542801    2.000000000000
   -0.019780635834    2.000000000000
    1.438079714775    2.000000000000
    0.920010089874    2.000000000000
   -0.084326148033    2.000000000000
    0.955394446850    2.000000000000
   -0.946408927441    2.000000000000
   -0.150569915771    2.000000000000
    0.985155403614    2.000000000000
    0.697325646877    2.000000000000
    1.645539402962    2.000000000000
    1.328821182251    2.000000000000
   -0.383876621723    2.000000000000
   -1.421973705292    2.000000000000
    0.648262441158    2.000000000000
    0.067832887173    2.000000000000
    2.610620737076    2.000000000000
    2.008291721344    2.000000000000
    0.058931171894    2.000000000000
    1.355786085129    2.000000000000
    0.905937552452    2.000000000000
    3.588232278824    2.000000000000
   -0.979445278645    2.000000000000
   -0.622088730335    2.000000000000
    0.925191998482    2.000000000000
    0.532200872898    2.000000000000
    0.407881021500    2.000000000000
    0.765045583248    2.000000000000
    0.081190168858    2.000000000000
    1.477064013481    2.000000000000
    1.090962171555    2.000000000000
    2.431524753571    2.000000000000
   -0.045984923840    2.000000000000
    1.469010114670    2.000000000000
    2.131858348846    2.000000000000
    0.900620162487    2.000000000000
    0.902466833591    2.000000000000
    0.467682898045    2.000000000000
    0.996351778507    2.000000000000
    1.111679077148    2.000000000000
    1.747264385223    2.000000000000
    0.978560924530    2.000000000000
    1.509493112564    2.000000000000
    2.493454217911    2.000000000000
    1.136262655258    2.000000000000
    2.595019340515    2.000000000000
    0.035301089287    2.000000000000
    0.072509825230    2.000000000000
   -0.288690507412    2.000000000000
    1.311349272728    2.000000000000
    1.624611854553    2.000000000000
    2.991132259369    2.000000000000
    0.660320401192    2.000000000000
    0.138738334179    2.000000000000
    0.843274414539    2.000000000000
    1.924020051956    2.000000000000
    0.513982415199    2.000000000000
   -0.515870034695    2.000000000000
   -0.087762594223    2.000000000000
    1.940851688385    2.000000000000
    1.239778041840    2.000000000000
    1.842570304871    2.000000000000
   -2.146877288818    2.000000000000
   -0.221412718296    2.000000000000
   -1.335914611816    2.000000000000
    1.511334776878    2.000000000000
    1.843325376511    2.000000000000
   -0.277214705944    2.000000000000
   -0.234595477581    2.000000000000
