   -0.891838908195    1.000000000000
    0.396432995796    1.000000000000
   -1.171397566795    1.000000000000
    0.493885397911    1.000000000000
   -0.994001209736    1.000000000000
    1.759873747826    1.000000000000
    0.279158741236    1.000000000000
    1.284192323685    1.000000000000
   -0.098840363324    1.000000000000
    1.143030285835    1.000000000000
    0.551935732365    1.000000000000
    0.318643778563    1.000000000000
    1.020099759102    1.000000000000
    0.577816724777    1.000000000000
    0.163734391332    1.000000000000
   -0.413477748632    1.000000000000
    2.363816499710    1.000000000000
   -0.419591665268    1.000000000000
    0.289326220751    1.000000000000
    0.798246026039    1.000000000000
   -1.429150342941    1.000000000000
    0.017046190798    1.000000000000
   -1.653483510017    1.000000000000
    0.553906261921    1.000000000000
   -0.133082568645    1.000000000000
    0.619919180870    1.000000000000
    0.349005043507    1.000000000000
   -0.137075275183    1.000000000000
    0.325881481171    1.000000000000
    0.593965113163    1.000000000000
    0.814718723297    1.000000000000
    0.841347396374    1.000000000000
    0.130387410522    1.000000000000
    0.052807614207    1.000000000000
   -1.740625143051    1.000000000000
   -0.868333518505    1.000000000000
    0.034333474934    1.000000000000
    0.107350453734    1.000000000000
    0.482402890921    1.000000000000
    0.623091578484    1.000000000000
    0.347184598446    1.000000000000
   -0.608214080334    1.000000000000
    1.564404845238    1.000000000000
   -2.129131317139    1.000000000000
    1.421511530876    1.000000000000
   -1.150894761086    1.000000000000
   -1.816500663757    1.000000000000
    1.757699966431    1.000000000000
   -0.401716798544    1.000000000000
    1.128614783287    1.000000000000
   -0.086647763848    1.000000000000
   -0.615730345249    1.000000000000
    1.025528788567    1.000000000000
   -0.428652107716    1.000000000000
    0.482422381639    1.000000000000
   -0.250489592552    1.000000000000
    1.279478549957    1.000000000000
   -1.167244434357    1.000000000000
   -0.858180105686    1.000000000000
   -0.823046922684    1.000000000000
   -0.599559009075    1.000000000000
   -0.396261632442    1.000000000000
   -2.697622299194    1.000000000000
   -0.229631051421    1.000000000000
    0.874266207218    1.000000000000
   -1.063709139824    1.000000000000
   -0.510046303272    1.000000000000
   -0.850674211979    1.000000000000
   -0.063147686422    1.000000000000
    0.806817710400    1.000000000000
    1.010333299637    1.000000000000
    0.466133654118    1.000000000000
   -0.421784371138    1.000000000000
    0.114883400500    1.000000000000
    0.082363791764    1.000000000000
    0.344437390566    1.000000000000
   -1.141412496567    1.000000000000
    0.847913861275    1.000000000000
   -0.287155240774    1.000000000000
   -0.422154337168    1.000000000000
   -1.116409778595    1.000000000000
    0.741303086281    1.000000000000
    0.955758154392    1.000000000000
    0.842394292355    1.000000000000
    1.730961561203    1.000000000000
    2.125746250153    1.000000000000
   -1.248291015625    1.000000000000
   -0.329237371683    1.000000000000
   -1.607980251312    1.000000000000
    0.358340382576    1.000000000000
   -1.391442656517    1.000000000000
    2.376754760742    1.000000000000
   -0.367527246475    1.000000000000
    1.447095155716    1.000000000000
    0.316988706589    1.000000000000
    1.924287557602    1.000000000000
    0.189710468054    1.000000000000
   -0.853946447372    1.000000000000
   -0.746393620968    1.000000000000
   -1.550006866455    1.000000000000
    0.733966588974    1.000000000000
    0.896434962749    1.000000000000
    0.311512142420    1.000000000000
   -0.840367019176    1.000000000000
   -0.351399451494    1.000000000000
    0.515111804008    1.000000000000
    0.879717409611    1.000000000000
    0.142797052860    1.000000000000
   -2.308314800262    1.000000000000
    0.188146129251    1.000000000000
    0.345784068108    1.000000000000
    0.724453270435    1.000000000000
   -1.669046521187    1.000000000000
    0.592287957668    1.000000000000
   -0.156698077917    1.000000000000
    0.709176063538    1.000000000000
    0.653053462505    1.000000000000
   -0.981249511242    1.000000000000
    1.651783943176    1.000000000000
   -0.637349188328    1.000000000000
    0.015543301590    1.000000000000
   -1.069371700287    1.000000000000
    0.790630698204    1.000000000000
    0.026715613902    1.000000000000
    0.726322352886    1.000000000000
   -0.151087269187    1.000000000000
    0.858886897564    1.000000000000
    1.111863970757    1.000000000000
   -1.369209766388    1.000000000000
   -1.245820403099    1.000000000000
   -0.593184947968    1.000000000000
    0.881436645985    1.000000000000
    0.668896019459    1.000000000000
    0.378624767065    1.000000000000
   -0.181272163987    1.000000000000
   -0.355525106192    1.000000000000
   -0.006168909371    1.000000000000
    0.994515001774    1.000000000000
   -0.571908593178    1.000000000000
    0.615224480629    1.000000000000
    0.057925049216    1.000000000000
    0.076222389936    1.000000000000
    0.123990118504    1.000000000000
    0.192009896040    1.000000000000
    0.758355498314    1.000000000000
    0.390723943710    1.000000000000
   -0.438715219498    1.000000000000
   -0.061817850918    1.000000000000
    0.133411750197    1.000000000000
   -0.280157893896    1.000000000000
   -0.989303886890    1.000000000000
   -0.203532695770    1.000000000000
    0.405734151602    1.000000000000
   -0.619870901108    1.000000000000
   -0.283876925707    1.000000000000
    1.141613245010    1.000000000000
   -1.744053363800    1.000000000000
   -1.455089092255    1.000000000000
    0.239561423659    1.000000000000
   -0.429175227880    1.000000000000
   -1.594318389893    1.000000000000
    0.625775277615    1.000000000000
   -1.596761584282    1.000000000000
    0.263444095850    1.000000000000
    1.543354988098    1.000000000000
   -0.908995211124    1.000000000000
   -0.913331568241    1.000000000000
    0.414424329996    1.000000000000
    0.876790225506    1.000000000000
    0.972903013229    1.000000000000
   -1.521987676620    1.000000000000
   -1.577003359795    1.000000000000
   -0.439665347338    1.000000000000
    1.792120933533    1.000000000000
   -0.166178509593    1.000000000000
    0.949132025242    1.000000000000
   -1.242275357246    1.000000000000
    0.390617102385    1.000000000000
   -1.078226089478    1.000000000000
    0.516010999680    1.000000000000
   -0.023721933365    1.000000000000
   -0.214393779635    1.000000000000
   -0.078836068511    1.000000000000
   -1.876909255981    1.000000000000
   -0.571654438972    1.000000000000
   -2.349782943726    1.000000000000
    0.553721308708    1.000000000000
   -0.222420811653    1.000000000000
    0.627743721008    1.000000000000
   -0.960480153561    1.000000000000
   -2.302331924438    1.000000000000
    0.063854604959    1.000000000000
   -0.366382718086    1.000000000000
   -0.407318413258    1.000000000000
    0.853839993477    1.000000000000
    1.956606626511    1.000000000000
    0.047158423811    1.000000000000
   -0.032032486051    1.000000000000
   -1.534220218658    1.000000000000
   -0.679099023342    1.000000000000
   -0.541606366634    1.000000000000
    0.745665967464    1.000000000000
    0.423112928867    1.000000000000
   -0.986593425274    1.000000000000
   -0.386514455080    1.000000000000
    0.929986655712    1.000000000000
    0.168247550726    1.000000000000
    1.995960116386    1.000000000000
    0.555105090141    1.000000000000
    1.372890472412    1.000000000000
    1.202564716339    1.000000000000
   -0.791879951954    1.000000000000
   -0.365551918745    1.000000000000
    0.360820025206    1.000000000000
    0.293848723173    1.000000000000
    0.391401261091    1.000000000000
   -1.127125501633    1.000000000000
    0.379471451044    1.000000000000
   -2.605953693390    1.000000000000
   -1.633815526962    1.000000000000
    0.168404921889    1.000000000000
    0.446005105972    1.000000000000
   -0.600338995457    1.000000000000
    1.918183088303    1.000000000000
    0.130229339004    1.000000000000
   -0.511550903320    1.000000000000
   -2.064023256302    1.000000000000
    0.688091039658    1.000000000000
    1.913011789322    1.000000000000
    2.002476930618    1.000000000000
   -0.195145338774    1.000000000000
    1.680494308472    1.000000000000
    0.261864840984    1.000000000000
   -1.041646361351    1.000000000000
    0.353533506393    1.000000000000
    1.926805615425    1.000000000000
    0.596108794212    1.000000000000
    1.301821589470    1.000000000000
   -1.368717551231    1.000000000000
    0.363075882196    1.000000000000
    1.839519381523    1.000000000000
   -1.358585596085    1.000000000000
   -0.956128954887    1.000000000000
   -0.954940915108    1.000000000000
   -0.255695939064    1.000000000000
   -0.923614621162    1.000000000000
   -0.396383613348    1.000000000000
    0.260177075863    1.000000000000
    0.375430911779    1.000000000000
   -1.074484586716    1.000000000000
    0.064591161907    2.000000000000
   -0.132470190525    2.000000000000
   -1.048239111900    2.000000000000
    1.230583190918    2.000000000000
   -1.592027902603    2.000000000000
    0.307913452387    2.000000000000
   -1.346732258797    2.000000000000
   -0.331591814756    2.000000000000
    0.351751148701    2.000000000000
   -0.964145481586    2.000000000000
    1.642392992973    2.000000000000
    1.276623487473    2.000000000000
   -0.328563302755    2.000000000000
    1.554148674011    2.000000000000
    1.862920880318    2.000000000000
   -1.068965792656    2.000000000000
   -0.504269242287    2.000000000000
    1.808338522911    2.000000000000
   -0.578162372112    2.000000000000
   -0.112481735647    2.000000000000
    1.204426407814    2.000000000000
    0.728480219841    2.000000000000
   -0.379439830780    2.000000000000
   -0.024344353005    2.000000000000
   -0.115541540086    2.000000000000
    1.403398394585    2.000000000000
   -0.534826815128    2.000000000000
    0.341927081347    2.000000000000
    0.821666598320    2.000000000000
    0.446268230677    2.000000000000
    1.240468859673    2.000000000000
    0.783365547657    2.000000000000
   -0.171387434006    2.000000000000
   -0.809951722622    2.000000000000
    1.787965774536    2.000000000000
    0.868085980415    2.000000000000
    1.208179354668    2.000000000000
   -1.184334516525    2.000000000000
   -0.653084039688    2.000000000000
   -0.046240951866    2.000000000000
    0.009537947364    2.000000000000
    2.458574771881    2.000000000000
   -0.591352641582    2.000000000000
   -0.283048242331    2.000000000000
    0.752493500710    2.000000000000
   -0.292955607176    2.000000000000
    0.412925928831    2.000000000000
    0.147138953209    2.000000000000
    0.122025497258    2.000000000000
    1.054224014282    2.000000000000
    0.207963734865    2.000000000000
    0.054392442107    2.000000000000
    0.991004109383    2.000000000000
   -1.046967148781    2.000000000000
   -0.763691842556    2.000000000000
   -1.035122752190    2.000000000000
    1.082483768463    2.000000000000
    1.025298953056    2.000000000000
    1.606160998344    2.000000000000
    0.530148208141    2.000000000000
    1.118189573288    2.000000000000
    0.063727051020    2.000000000000
   -0.105165064335    2.000000000000
    0.048579357564    2.000000000000
    0.886000871658    2.000000000000
    1.149643898010    2.000000000000
    0.020273974165    2.000000000000
    0.438676148653    2.000000000000
    0.204843357205    2.000000000000
    0.394620716572    2.000000000000
   -0.903642833233    2.000000000000
   -0.653618931770    2.000000000000
   -1.512282609940    2.000000000000
   -0.020442718640    2.000000000000
   -1.385326504707    2.000000000000
   -0.167178496718    2.000000000000
    1.636340379715    2.000000000000
    0.490838736296    2.000000000000
    1.558199405670    2.000000000000
    0.328433305025    2.000000000000
   -1.825598955154    2.000000000000
    0.350725859404    2.000000000000
    1.273672819138    2.000000000000
    1.843127727509    2.000000000000
   -3.197496175766    2.000000000000
   -0.142261564732    2.000000000000
    0.086252532899    2.000000000000
   -0.427821606398    2.000000000000
    0.983428895473    2.000000000000
   -0.688443899155    2.000000000000
   -1.586369633675    2.000000000000
    0.382233619690    2.000000000000
    0.334302365780    2.000000000000
   -0.963995635509    2.000000000000
   -0.609909594059    2.000000000000
    0.942050099373    2.000000000000
    1.612302064896    2.000000000000
   -1.312352538109    2.000000000000
    0.424195230007    2.000000000000
   -0.289912730455    2.000000000000
    0.398318648338    2.000000000000
   -0.480616331100    2.000000000000
    2.717005968094    2.000000000000
    1.068485260010    2.000000000000
    0.352888464928    2.000000000000
   -0.098678663373    2.000000000000
   -0.889998733997    2.000000000000
    0.982369482517    2.000000000000
    0.154291272163    2.000000000000
    2.062877178192    2.000000000000
    0.796440184116    2.000000000000
    0.155445918441    2.000000000000
   -0.090109154582    2.000000000000
    0.938442111015    2.000000000000
    0.742472827435    2.000000000000
    0.390123307705    2.000000000000
   -0.078632384539    2.000000000000
   -0.354319095612    2.000000000000
   -1.584126472473    2.000000000000
    0.065972968936    2.000000000000
   -1.364602088928    2.000000000000
   -0.451511859894    2.000000000000
   -1.517087936401    2.000000000000
    0.529816150665    2.000000000000
   -2.160334825516    2.000000000000
   -1.594001054764    2.000000000000
    1.411144733429    2.000000000000
    0.316463500261    2.000000000000
    0.499877750874    2.000000000000
   -1.503029584885    2.000000000000
    0.684606134892    2.000000000000
   -0.817533731461    2.000000000000
    1.308070063591    2.000000000000
    1.174825549126    2.000000000000
    0.857105553150    2.000000000000
   -0.462069898844    2.000000000000
   -1.501041412354    2.000000000000
    0.569962024689    2.000000000000
    0.050583630800    2.000000000000
    1.190914034843    2.000000000000
   -1.124930977821    2.000000000000
   -0.487258881330    2.000000000000
   -1.014238238335    2.000000000000
   -0.277573108673    2.000000000000
    0.912516057491    2.000000000000
   -0.969885647297    2.000000000000
   -0.329302459955    2.000000000000
    2.642568588257    2.000000000000
   -1.071922898293    2.000000000000
   -0.113618321717    2.000000000000
    2.959477424622    2.000000000000
    0.136637821794    2.000000000000
    1.529247641563    2.000000000000
   -0.292528957129    2.000000000000
   -1.982929825783    2.000000000000
   -1.063340425491    2.000000000000
   -0.679660320282    2.000000000000
   -0.620049297810    2.000000000000
   -1.713353991508    2.000000000000
   -2.007206678391    2.000000000000
   -0.148931607604    2.000000000000
   -0.207188203931    2.000000000000
   -0.487826734781    2.000000000000
   -0.814460039139    2.000000000000
   -1.888097286224    2.000000000000
    0.999692976475    2.000000000000
   -1.019637346268    2.000000000000
    0.402257323265    2.000000000000
    0.268445551395    2.000000000000
   -0.029496384785    2.000000000000
    1.200657606125    2.000000000000
   -1.428264737129    2.000000000000
   -0.140642344952    2.000000000000
   -0.457403272390    2.000000000000
   -0.255047678947    2.000000000000
   -0.278051733971    2.000000000000
    0.744548618793    2.000000000000
   -1.058414936066    2.000000000000
   -2.023776531219    2.000000000000
   -0.745980143547    2.000000000000
   -0.095810689032    2.000000000000
    0.431169450283    2.000000000000
   -0.150781601667    2.000000000000
    1.826424121857    2.000000000000
   -0.688691198826    2.000000000000
   -1.061363220215    2.000000000000
   -0.423176437616    2.000000000000
    0.487992972136    2.000000000000
    0.165599286556    2.000000000000
   -0.968324661255    2.000000000000
    0.693092167377    2.000000000000
    0.658022224903    2.000000000000
    0.612077951431    2.000000000000
   -0.805438280106    2.000000000000
    0.012367807329    2.000000000000
   -1.445387363434    2.000000000000
   -0.180818051100    2.000000000000
   -1.255118370056    2.000000000000
    0.201478168368    2.000000000000
    1.972295284271    2.000000000000
   -1.169711947441    2.000000000000
   -1.331562280655    2.000000000000
   -0.574064731598    2.000000000000
   -2.132707595825    2.000000000000
    1.085071325302    2.000000000000
   -1.289310812950    2.000000000000
   -1.285149693489    2.000000000000
   -0.434191316366    2.000000000000
    0.793408870697    2.000000000000
    0.824959993362    2.000000000000
   -0.100629195571    2.000000000000
    0.536775231361    2.000000000000
   -0.855429768562    2.000000000000
    1.206835508347    2.000000000000
   -0.849067866802    2.000000000000
    0.830224275589    2.000000000000
   -0.314049839973    2.000000000000
    0.415397971869    2.000000000000
   -0.677083015442    2.000000000000
    1.089907407761    2.000000000000
    0.508741915226    2.000000000000
    0.076668828726    2.000000000000
    0.380053937435    2.000000000000
    1.073471784592    2.000000000000
   -0.083452023566    2.000000000000
   -0.257909238338    2.000000000000
   -0.499106705189    2.000000000000
   -0.121667690575    2.000000000000
   -0.827462792397    2.000000000000
   -0.220804646611    2.000000000000
    1.230326294899    2.000000000000
   -1.347029685974    2.000000000000
    0.938057005405    2.000000000000
   -0.344996452332    2.000000000000
   -0.453054845333    2.000000000000
   -0.558442115784    2.000000000000
   -0.139697209001    2.000000000000
    0.817332208157    2.000000000000
    0.085256271064    2.000000000000
   -0.766798734665    2.000000000000
   -0.569682717323    2.000000000000
   -0.097306042910    2.000000000000
    0.144389033318    2.000000000000
    0.848753929138    2.000000000000
    0.655100405216    2.000000000000
   -0.832019627094    2.000000000000
   -0.511151254177    2.000000000000
   -1.306674003601    2.000000000000
   -0.660951077938    2.000000000000
   -0.677786231041    2.000000000000
