   -0.891838908195    1.000000000000
    0.396432995796    1.000000000000
   -1.171397566795    1.000000000000
    0.493885397911    1.000000000000
   -0.994001209736    1.000000000000
    1.759873747826    1.000000000000
    0.279158741236    1.000000000000
    1.284192323685    1.000000000000
   -0.098840363324    1.000000000000
    1.143030285835    1.000000000000
    0.551935732365    1.000000000000
    0.318643778563    1.000000000000
    1.020099759102    1.000000000000
    0.577816724777    1.000000000000
    0.163734391332    1.000000000000
   -0.413477748632    1.000000000000
    2.363816499710    1.000000000000
   -0.419591665268    1.000000000000
    0.289326220751    1.000000000000
    0.798246026039    1.000000000000
   -1.429150342941    1.000000000000
    0.017046190798    1.000000000000
   -1.653483510017    1.000000000000
    0.553906261921    1.000000000000
   -0.133082568645    1.000000000000
    0.619919180870    1.000000000000
    0.349005043507    1.000000000000
   -0.137075275183    1.000000000000
    0.325881481171    1.000000000000
    0.593965113163    1.000000000000
    0.814718723297    1.000000000000
    0.841347396374    1.000000000000
    0.130387410522    1.000000000000
    0.052807614207    1.000000000000
   -1.740625143051    1.000000000000
   -0.868333518505    1.000000000000
    0.034333474934    1.000000000000
    0.107350453734    1.000000000000
    0.482402890921    1.000000000000
    0.623091578484    1.000000000000
    0.347184598446    1.000000000000
   -0.608214080334    1.000000000000
    1.564404845238    1.000000000000
   -2.129131317139    1.000000000000
    1.421511530876    1.000000000000
   -1.150894761086    1.000000000000
   -1.816500663757    1.000000000000
    1.757699966431    1.000000000000
   -0.401716798544    1.000000000000
    1.128614783287    1.000000000000
   -0.086647763848    1.000000000000
   -0.615730345249    1.000000000000
    1.025528788567    1.000000000000
   -0.428652107716    1.000000000000
    0.482422381639    1.000000000000
   -0.250489592552    1.000000000000
    1.279478549957    1.000000000000
   -1.167244434357    1.000000000000
   -0.858180105686    1.000000000000
   -0.823046922684    1.000000000000
   -0.599559009075    1.000000000000
   -0.396261632442    1.000000000000
   -2.697622299194    1.000000000000
   -0.229631051421    1.000000000000
    0.874266207218    1.000000000000
   -1.063709139824    1.000000000000
   -0.510046303272    1.000000000000
   -0.850674211979    1.000000000000
   -0.063147686422    1.000000000000
    0.806817710400    1.000000000000
    1.010333299637    1.000000000000
    0.466133654118    1.000000000000
   -0.421784371138    1.000000000000
    0.114883400500    1.000000000000
    0.082363791764    1.000000000000
    0.344437390566    1.000000000000
   -1.141412496567    1.000000000000
    0.847913861275    1.000000000000
   -0.287155240774    1.000000000000
   -0.422154337168    1.000000000000
   -1.116409778595    1.000000000000
    0.741303086281    1.000000000000
    0.955758154392    1.000000000000
    0.842394292355    1.000000000000
    1.730961561203    1.000000000000
    2.125746250153    1.000000000000
   -1.248291015625    1.000000000000
   -0.329237371683    1.000000000000
   -1.607980251312    1.000000000000
    0.358340382576    1.000000000000
   -1.391442656517    1.000000000000
    2.376754760742    1.000000000000
   -0.367527246475    1.000000000000
    1.447095155716    1.000000000000
    0.316988706589    1.000000000000
    1.924287557602    1.000000000000
    0.189710468054    1.000000000000
   -0.853946447372    1.000000000000
   -0.746393620968    1.000000000000
   -1.550006866455    1.000000000000
    0.733966588974    1.000000000000
    0.896434962749    1.000000000000
    0.311512142420    1.000000000000
   -0.840367019176    1.000000000000
   -0.351399451494    1.000000000000
    0.515111804008    1.000000000000
    0.879717409611    1.000000000000
    0.142797052860    1.000000000000
   -2.308314800262    1.000000000000
    0.188146129251    1.000000000000
    0.345784068108    1.000000000000
    0.724453270435    1.000000000000
   -1.669046521187    1.000000000000
    0.592287957668    1.000000000000
   -0.156698077917    1.000000000000
    0.709176063538    1.000000000000
    0.653053462505    1.000000000000
   -0.981249511242    1.000000000000
    1.651783943176    1.000000000000
   -0.637349188328    1.000000000000
    0.015543301590    1.000000000000
   -1.069371700287    1.000000000000
    0.790630698204    1.000000000000
    0.026715613902    1.000000000000
    0.726322352886    1.000000000000
   -0.151087269187    1.000000000000
    0.858886897564    1.000000000000
    1.111863970757    1.000000000000
   -1.369209766388    1.000000000000
   -1.245820403099    1.000000000000
   -0.593184947968    1.000000000000
    0.881436645985    1.000000000000
    0.668896019459    1.000000000000
    0.378624767065    1.000000000000
   -0.181272163987    1.000000000000
   -0.355525106192    1.000000000000
   -0.006168909371    1.000000000000
    0.994515001774    1.000000000000
   -0.571908593178    1.000000000000
    0.615224480629    1.000000000000
    0.057925049216    1.000000000000
    0.076222389936    1.000000000000
    0.123990118504    1.000000000000
    0.192009896040    1.000000000000
    0.758355498314    1.000000000000
    0.390723943710    1.000000000000
   -0.438715219498    1.000000000000
   -0.061817850918    1.000000000000
    0.133411750197    1.000000000000
   -0.280157893896    1.000000000000
   -0.989303886890    1.000000000000
   -0.203532695770    1.000000000000
    0.405734151602    1.000000000000
   -0.619870901108    1.000000000000
   -0.283876925707    1.000000000000
    1.141613245010    1.000000000000
   -1.744053363800    1.000000000000
   -1.455089092255    1.000000000000
    0.239561423659    1.000000000000
   -0.429175227880    1.000000000000
   -1.594318389893    1.000000000000
    0.625775277615    1.000000000000
   -1.596761584282    1.000000000000
    0.263444095850    1.000000000000
    1.543354988098    1.000000000000
   -0.908995211124    1.000000000000
   -0.913331568241    1.000000000000
    0.414424329996    1.000000000000
    0.876790225506    1.000000000000
    0.972903013229    1.000000000000
   -1.521987676620    1.000000000000
   -1.577003359795    1.000000000000
   -0.439665347338    1.000000000000
    1.792120933533    1.000000000000
   -0.166178509593    1.000000000000
    0.949132025242    1.000000000000
   -1.242275357246    1.000000000000
    0.390617102385    1.000000000000
   -1.078226089478    1.000000000000
    0.516010999680    1.000000000000
   -0.023721933365    1.000000000000
   -0.214393779635    1.000000000000
   -0.078836068511    1.000000000000
   -1.876909255981    1.000000000000
   -0.571654438972    1.000000000000
   -2.349782943726    1.000000000000
    0.553721308708    1.000000000000
   -0.222420811653    1.000000000000
    0.627743721008    1.000000000000
   -0.960480153561    1.000000000000
   -2.302331924438    1.000000000000
    0.063854604959    1.000000000000
   -0.366382718086    1.000000000000
   -0.407318413258    1.000000000000
    0.853839993477    1.000000000000
    1.956606626511    1.000000000000
    0.047158423811    1.000000000000
   -0.032032486051    1.000000000000
   -1.534220218658    1.000000000000
   -0.679099023342    1.000000000000
   -0.541606366634    1.000000000000
    0.745665967464    1.000000000000
    0.423112928867    1.000000000000
   -0.986593425274    1.000000000000
   -0.386514455080    1.000000000000
    0.929986655712    1.000000000000
    0.168247550726    1.000000000000
    1.995960116386    1.000000000000
    0.555105090141    1.000000000000
    1.372890472412    1.000000000000
    1.202564716339    1.000000000000
   -0.791879951954    1.000000000000
   -0.365551918745    1.000000000000
    0.360820025206    1.000000000000
    0.293848723173    1.000000000000
    0.391401261091    1.000000000000
   -1.127125501633    1.000000000000
    0.379471451044    1.000000000000
   -2.605953693390    1.000000000000
   -1.633815526962    1.000000000000
    0.168404921889    1.000000000000
    0.446005105972    1.000000000000
   -0.600338995457    1.000000000000
    1.918183088303    1.000000000000
    0.130229339004    1.000000000000
   -0.511550903320    1.000000000000
   -2.064023256302    1.000000000000
    0.688091039658    1.000000000000
    1.913011789322    1.000000000000
    2.002476930618    1.000000000000
   -0.195145338774    1.000000000000
    1.680494308472    1.000000000000
    0.261864840984    1.000000000000
   -1.041646361351    1.000000000000
    0.353533506393    1.000000000000
    1.926805615425    1.000000000000
    0.596108794212    1.000000000000
    1.301821589470    1.000000000000
   -1.368717551231    1.000000000000
    0.363075882196    1.000000000000
    1.839519381523    1.000000000000
   -1.358585596085    1.000000000000
   -0.956128954887    1.000000000000
   -0.954940915108    1.000000000000
   -0.255695939064    1.000000000000
   -0.923614621162    1.000000000000
   -0.396383613348    1.000000000000
    0.260177075863    1.000000000000
    0.375430911779    1.000000000000
   -1.074484586716    1.000000000000
    0.564591169357    2.000000000000
    0.367529809475    2.000000000000
   -0.548239111900    2.000000000000
    1.730583190918    2.000000000000
   -1.092027902603    2.000000000000
    0.807913422585    2.000000000000
   -0.846732258797    2.000000000000
    0.168408185244    2.000000000000
    0.851751148701    2.000000000000
   -0.464145481586    2.000000000000
    2.142393112183    2.000000000000
    1.776623487473    2.000000000000
    0.171436697245    2.000000000000
    2.054148674011    2.000000000000
    2.362920761108    2.000000000000
   -0.568965792656    2.000000000000
   -0.004269242287    2.000000000000
    2.308338642120    2.000000000000
   -0.078162372112    2.000000000000
    0.387518256903    2.000000000000
    1.704426407814    2.000000000000
    1.228480219841    2.000000000000
    0.120560169220    2.000000000000
    0.475655645132    2.000000000000
    0.384458452463    2.000000000000
    1.903398394585    2.000000000000
   -0.034826815128    2.000000000000
    0.841927051544    2.000000000000
    1.321666598320    2.000000000000
    0.946268200874    2.000000000000
    1.740468859673    2.000000000000
    1.283365488052    2.000000000000
    0.328612565994    2.000000000000
   -0.309951722622    2.000000000000
    2.287965774536    2.000000000000
    1.368085980415    2.000000000000
    1.708179354668    2.000000000000
   -0.684334516525    2.000000000000
   -0.153084039688    2.000000000000
    0.453759044409    2.000000000000
    0.509537935257    2.000000000000
    2.958574771881    2.000000000000
   -0.091352641582    2.000000000000
    0.216951757669    2.000000000000
    1.252493500710    2.000000000000
    0.207044392824    2.000000000000
    0.912925958633    2.000000000000
    0.647138953209    2.000000000000
    0.622025489807    2.000000000000
    1.554224014282    2.000000000000
    0.707963705063    2.000000000000
    0.554392457008    2.000000000000
    1.491004109383    2.000000000000
   -0.546967148781    2.000000000000
   -0.263691842556    2.000000000000
   -0.535122752190    2.000000000000
    1.582483768463    2.000000000000
    1.525298953056    2.000000000000
    2.106161117554    2.000000000000
    1.030148267746    2.000000000000
    1.618189573288    2.000000000000
    0.563727021217    2.000000000000
    0.394834935665    2.000000000000
    0.548579335213    2.000000000000
    1.386000871658    2.000000000000
    1.649643898010    2.000000000000
    0.520273983479    2.000000000000
    0.938676118851    2.000000000000
    0.704843342304    2.000000000000
    0.894620716572    2.000000000000
   -0.403642833233    2.000000000000
   -0.153618931770    2.000000000000
   -1.012282609940    2.000000000000
    0.479557275772    2.000000000000
   -0.885326504707    2.000000000000
    0.332821488380    2.000000000000
    2.136340379715    2.000000000000
    0.990838766098    2.000000000000
    2.058199405670    2.000000000000
    0.828433275223    2.000000000000
   -1.325598955154    2.000000000000
    0.850725889206    2.000000000000
    1.773672819138    2.000000000000
    2.343127727509    2.000000000000
   -2.697496175766    2.000000000000
    0.357738435268    2.000000000000
    0.586252510548    2.000000000000
    0.072178393602    2.000000000000
    1.483428955078    2.000000000000
   -0.188443899155    2.000000000000
   -1.086369633675    2.000000000000
    0.882233619690    2.000000000000
    0.834302365780    2.000000000000
   -0.463995635509    2.000000000000
   -0.109909594059    2.000000000000
    1.442050099373    2.000000000000
    2.112302064896    2.000000000000
   -0.812352538109    2.000000000000
    0.924195230007    2.000000000000
    0.210087269545    2.000000000000
    0.898318648338    2.000000000000
    0.019383668900    2.000000000000
    3.217005968094    2.000000000000
    1.568485260010    2.000000000000
    0.852888464928    2.000000000000
    0.401321351528    2.000000000000
   -0.389998733997    2.000000000000
    1.482369422913    2.000000000000
    0.654291272163    2.000000000000
    2.562877178192    2.000000000000
    1.296440124512    2.000000000000
    0.655445933342    2.000000000000
    0.409890830517    2.000000000000
    1.438442111015    2.000000000000
    1.242472887039    2.000000000000
    0.890123307705    2.000000000000
    0.421367615461    2.000000000000
    0.145680904388    2.000000000000
   -1.084126472473    2.000000000000
    0.565972983837    2.000000000000
   -0.864602088928    2.000000000000
    0.048488140106    2.000000000000
   -1.017087936401    2.000000000000
    1.029816150665    2.000000000000
   -1.660334825516    2.000000000000
   -1.094001054764    2.000000000000
    1.911144733429    2.000000000000
    0.816463470459    2.000000000000
    0.999877750874    2.000000000000
   -1.003029584885    2.000000000000
    1.184606075287    2.000000000000
   -0.317533731461    2.000000000000
    1.808070063591    2.000000000000
    1.674825549126    2.000000000000
    1.357105493546    2.000000000000
    0.037930101156    2.000000000000
   -1.001041412354    2.000000000000
    1.069962024689    2.000000000000
    0.550583600998    2.000000000000
    1.690914034843    2.000000000000
   -0.624930977821    2.000000000000
    0.012741118670    2.000000000000
   -0.514238238335    2.000000000000
    0.222426891327    2.000000000000
    1.412516117096    2.000000000000
   -0.469885647297    2.000000000000
    0.170697540045    2.000000000000
    3.142568588257    2.000000000000
   -0.571922898293    2.000000000000
    0.386381685734    2.000000000000
    3.459477424622    2.000000000000
    0.636637806892    2.000000000000
    2.029247760773    2.000000000000
    0.207471042871    2.000000000000
   -1.482929825783    2.000000000000
   -0.563340425491    2.000000000000
   -0.179660320282    2.000000000000
   -0.120049297810    2.000000000000
   -1.213353991508    2.000000000000
   -1.507206678391    2.000000000000
    0.351068377495    2.000000000000
    0.292811810970    2.000000000000
    0.012173265219    2.000000000000
   -0.314460039139    2.000000000000
   -1.388097286224    2.000000000000
    1.499692916870    2.000000000000
   -0.519637346268    2.000000000000
    0.902257323265    2.000000000000
    0.768445551395    2.000000000000
    0.470503628254    2.000000000000
    1.700657606125    2.000000000000
   -0.928264737129    2.000000000000
    0.359357655048    2.000000000000
    0.042596727610    2.000000000000
    0.244952321053    2.000000000000
    0.221948266029    2.000000000000
    1.244548559189    2.000000000000
   -0.558414936066    2.000000000000
   -1.523776531219    2.000000000000
   -0.245980143547    2.000000000000
    0.404189318419    2.000000000000
    0.931169450283    2.000000000000
    0.349218398333    2.000000000000
    2.326424121857    2.000000000000
   -0.188691198826    2.000000000000
   -0.561363220215    2.000000000000
    0.076823562384    2.000000000000
    0.987993001938    2.000000000000
    0.665599286556    2.000000000000
   -0.468324661255    2.000000000000
    1.193092107773    2.000000000000
    1.158022165298    2.000000000000
    1.112077951431    2.000000000000
   -0.305438280106    2.000000000000
    0.512367784977    2.000000000000
   -0.945387363434    2.000000000000
    0.319181948900    2.000000000000
   -0.755118370056    2.000000000000
    0.701478183270    2.000000000000
    2.472295284271    2.000000000000
   -0.669711947441    2.000000000000
   -0.831562280655    2.000000000000
   -0.074064731598    2.000000000000
   -1.632707595825    2.000000000000
    1.585071325302    2.000000000000
   -0.789310812950    2.000000000000
   -0.785149693489    2.000000000000
    0.065808683634    2.000000000000
    1.293408870697    2.000000000000
    1.324959993362    2.000000000000
    0.399370789528    2.000000000000
    1.036775231361    2.000000000000
   -0.355429768562    2.000000000000
    1.706835508347    2.000000000000
   -0.349067866802    2.000000000000
    1.330224275589    2.000000000000
    0.185950160027    2.000000000000
    0.915398001671    2.000000000000
   -0.177083015442    2.000000000000
    1.589907407761    2.000000000000
    1.008741855621    2.000000000000
    0.576668858528    2.000000000000
    0.880053937435    2.000000000000
    1.573471784592    2.000000000000
    0.416547983885    2.000000000000
    0.242090761662    2.000000000000
    0.000893294811    2.000000000000
    0.378332316875    2.000000000000
   -0.327462792397    2.000000000000
    0.279195368290    2.000000000000
    1.730326294899    2.000000000000
   -0.847029685974    2.000000000000
    1.438056945801    2.000000000000
    0.155003547668    2.000000000000
    0.046945154667    2.000000000000
   -0.058442115784    2.000000000000
    0.360302805901    2.000000000000
    1.317332267761    2.000000000000
    0.585256278515    2.000000000000
   -0.266798734665    2.000000000000
   -0.069682717323    2.000000000000
    0.402693957090    2.000000000000
    0.644389033318    2.000000000000
    1.348753929138    2.000000000000
    1.155100345612    2.000000000000
   -0.332019627094    2.000000000000
   -0.011151254177    2.000000000000
   -0.806674003601    2.000000000000
   -0.160951077938    2.000000000000
   -0.177786231041    2.000000000000
