   -0.891838908195    1.000000000000
    0.396432995796    1.000000000000
   -1.171397566795    1.000000000000
    0.493885397911    1.000000000000
   -0.994001209736    1.000000000000
    1.759873747826    1.000000000000
    0.279158741236    1.000000000000
    1.284192323685    1.000000000000
   -0.098840363324    1.000000000000
    1.143030285835    1.000000000000
    0.551935732365    1.000000000000
    0.318643778563    1.000000000000
    1.020099759102    1.000000000000
    0.577816724777    1.000000000000
    0.163734391332    1.000000000000
   -0.413477748632    1.000000000000
    2.363816499710    1.000000000000
   -0.419591665268    1.000000000000
    0.289326220751    1.000000000000
    0.798246026039    1.000000000000
   -1.429150342941    1.000000000000
    0.017046190798    1.000000000000
   -1.653483510017    1.000000000000
    0.553906261921    1.000000000000
   -0.133082568645    1.000000000000
    0.619919180870    1.000000000000
    0.349005043507    1.000000000000
   -0.137075275183    1.000000000000
    0.325881481171    1.000000000000
    0.593965113163    1.000000000000
    0.814718723297    1.000000000000
    0.841347396374    1.000000000000
    0.130387410522    1.000000000000
    0.052807614207    1.000000000000
   -1.740625143051    1.000000000000
   -0.868333518505    1.000000000000
    0.034333474934    1.000000000000
    0.107350453734    1.000000000000
    0.482402890921    1.000000000000
    0.623091578484    1.000000000000
    0.347184598446    1.000000000000
   -0.608214080334    1.000000000000
    1.564404845238    1.000000000000
   -2.129131317139    1.000000000000
    1.421511530876    1.000000000000
   -1.150894761086    1.000000000000
   -1.816500663757    1.000000000000
    1.757699966431    1.000000000000
   -0.401716798544    1.000000000000
    1.128614783287    1.000000000000
   -0.086647763848    1.000000000000
   -0.615730345249    1.000000000000
    1.025528788567    1.000000000000
   -0.428652107716    1.000000000000
    0.482422381639    1.000000000000
   -0.250489592552    1.000000000000
    1.279478549957    1.000000000000
   -1.167244434357    1.000000000000
   -0.858180105686    1.000000000000
   -0.823046922684    1.000000000000
   -0.599559009075    1.000000000000
   -0.396261632442    1.000000000000
   -2.697622299194    1.000000000000
   -0.229631051421    1.000000000000
    0.874266207218    1.000000000000
   -1.063709139824    1.000000000000
   -0.510046303272    1.000000000000
   -0.850674211979    1.000000000000
   -0.063147686422    1.000000000000
    0.806817710400    1.000000000000
    1.010333299637    1.000000000000
    0.466133654118    1.000000000000
   -0.421784371138    1.000000000000
    0.114883400500    1.000000000000
    0.082363791764    1.000000000000
    0.344437390566    1.000000000000
   -1.141412496567    1.000000000000
    0.847913861275    1.000000000000
   -0.287155240774    1.000000000000
   -0.422154337168    1.000000000000
   -1.116409778595    1.000000000000
    0.741303086281    1.000000000000
    0.955758154392    1.000000000000
    0.842394292355    1.000000000000
    1.730961561203    1.000000000000
    2.125746250153    1.000000000000
   -1.248291015625    1.000000000000
   -0.329237371683    1.000000000000
   -1.607980251312    1.000000000000
    0.358340382576    1.000000000000
   -1.391442656517    1.000000000000
    2.376754760742    1.000000000000
   -0.367527246475    1.000000000000
    1.447095155716    1.000000000000
    0.316988706589    1.000000000000
    1.924287557602    1.000000000000
    0.189710468054    1.000000000000
   -0.853946447372    1.000000000000
   -0.746393620968    1.000000000000
   -1.550006866455    1.000000000000
    0.733966588974    1.000000000000
    0.896434962749    1.000000000000
    0.311512142420    1.000000000000
   -0.840367019176    1.000000000000
   -0.351399451494    1.000000000000
    0.515111804008    1.000000000000
    0.879717409611    1.000000000000
    0.142797052860    1.000000000000
   -2.308314800262    1.000000000000
    0.188146129251    1.000000000000
    0.345784068108    1.000000000000
    0.724453270435    1.000000000000
   -1.669046521187    1.000000000000
    0.592287957668    1.000000000000
   -0.156698077917    1.000000000000
    0.709176063538    1.000000000000
    0.653053462505    1.000000000000
   -0.981249511242    1.000000000000
    1.651783943176    1.000000000000
   -0.637349188328    1.000000000000
    0.015543301590    1.000000000000
   -1.069371700287    1.000000000000
    0.790630698204    1.000000000000
    0.026715613902    1.000000000000
    0.726322352886    1.000000000000
   -0.151087269187    1.000000000000
    0.858886897564    1.000000000000
    1.111863970757    1.000000000000
   -1.369209766388    1.000000000000
   -1.245820403099    1.000000000000
   -0.593184947968    1.000000000000
    0.881436645985    1.000000000000
    0.668896019459    1.000000000000
    0.378624767065    1.000000000000
   -0.181272163987    1.000000000000
   -0.355525106192    1.000000000000
   -0.006168909371    1.000000000000
    0.994515001774    1.000000000000
   -0.571908593178    1.000000000000
    0.615224480629    1.000000000000
    0.057925049216    1.000000000000
    0.076222389936    1.000000000000
    0.123990118504    1.000000000000
    0.192009896040    1.000000000000
    0.758355498314    1.000000000000
    0.390723943710    1.000000000000
   -0.438715219498    1.000000000000
   -0.061817850918    1.000000000000
    0.133411750197    1.000000000000
   -0.280157893896    1.000000000000
   -0.989303886890    1.000000000000
   -0.203532695770    1.000000000000
    0.405734151602    1.000000000000
   -0.619870901108    1.000000000000
   -0.283876925707    1.000000000000
    1.141613245010    1.000000000000
   -1.744053363800    1.000000000000
   -1.455089092255    1.000000000000
    0.239561423659    1.000000000000
   -0.429175227880    1.000000000000
   -1.594318389893    1.000000000000
    0.625775277615    1.000000000000
   -1.596761584282    1.000000000000
    0.263444095850    1.000000000000
    1.543354988098    1.000000000000
   -0.908995211124    1.000000000000
   -0.913331568241    1.000000000000
    0.414424329996    1.000000000000
    0.876790225506    1.000000000000
    0.972903013229    1.000000000000
   -1.521987676620    1.000000000000
   -1.577003359795    1.000000000000
   -0.439665347338    1.000000000000
    1.792120933533    1.000000000000
   -0.166178509593    1.000000000000
    0.949132025242    1.000000000000
   -1.242275357246    1.000000000000
    0.390617102385    1.000000000000
   -1.078226089478    1.000000000000
    0.516010999680    1.000000000000
   -0.023721933365    1.000000000000
   -0.214393779635    1.000000000000
   -0.078836068511    1.000000000000
   -1.876909255981    1.000000000000
   -0.571654438972    1.000000000000
   -2.349782943726    1.000000000000
    0.553721308708    1.000000000000
   -0.222420811653    1.000000000000
    0.627743721008    1.000000000000
   -0.960480153561    1.000000000000
   -2.302331924438    1.000000000000
    0.063854604959    1.000000000000
   -0.366382718086    1.000000000000
   -0.407318413258    1.000000000000
    0.853839993477    1.000000000000
    1.956606626511    1.000000000000
    0.047158423811    1.000000000000
   -0.032032486051    1.000000000000
   -1.534220218658    1.000000000000
   -0.679099023342    1.000000000000
   -0.541606366634    1.000000000000
    0.745665967464    1.000000000000
    0.423112928867    1.000000000000
   -0.986593425274    1.000000000000
   -0.386514455080    1.000000000000
    0.929986655712    1.000000000000
    0.168247550726    1.000000000000
    1.995960116386    1.000000000000
    0.555105090141    1.000000000000
    1.372890472412    1.000000000000
    1.202564716339    1.000000000000
   -0.791879951954    1.000000000000
   -0.365551918745    1.000000000000
    0.360820025206    1.000000000000
    0.293848723173    1.000000000000
    0.391401261091    1.000000000000
   -1.127125501633    1.000000000000
    0.379471451044    1.000000000000
   -2.605953693390    1.000000000000
   -1.633815526962    1.000000000000
    0.168404921889    1.000000000000
    0.446005105972    1.000000000000
   -0.600338995457    1.000000000000
    1.918183088303    1.000000000000
    0.130229339004    1.000000000000
   -0.511550903320    1.000000000000
   -2.064023256302    1.000000000000
    0.688091039658    1.000000000000
    1.913011789322    1.000000000000
    2.002476930618    1.000000000000
   -0.195145338774    1.000000000000
    1.680494308472    1.000000000000
    0.261864840984    1.000000000000
   -1.041646361351    1.000000000000
    0.353533506393    1.000000000000
    1.926805615425    1.000000000000
    0.596108794212    1.000000000000
    1.301821589470    1.000000000000
   -1.368717551231    1.000000000000
    0.363075882196    1.000000000000
    1.839519381523    1.000000000000
   -1.358585596085    1.000000000000
   -0.956128954887    1.000000000000
   -0.954940915108    1.000000000000
   -0.255695939064    1.000000000000
   -0.923614621162    1.000000000000
   -0.396383613348    1.000000000000
    0.260177075863    1.000000000000
    0.375430911779    1.000000000000
   -1.074484586716    1.000000000000
    0.864591181278    2.000000000000
    0.667529821396    2.000000000000
   -0.248239099979    2.000000000000
    2.030583143234    2.000000000000
   -0.792027890682    2.000000000000
    1.107913494110    2.000000000000
   -0.546732246876    2.000000000000
    0.468408197165    2.000000000000
    1.151751160622    2.000000000000
   -0.164145469666    2.000000000000
    2.442393064499    2.000000000000
    2.076623439789    2.000000000000
    0.471436709166    2.000000000000
    2.354148626328    2.000000000000
    2.662920951843    2.000000000000
   -0.268965780735    2.000000000000
    0.295730769634    2.000000000000
    2.608338594437    2.000000000000
    0.221837639809    2.000000000000
    0.687518298626    2.000000000000
    2.004426479340    2.000000000000
    1.528480291367    2.000000000000
    0.420560181141    2.000000000000
    0.775655686855    2.000000000000
    0.684458494186    2.000000000000
    2.203398466110    2.000000000000
    0.265173196793    2.000000000000
    1.141927123070    2.000000000000
    1.621666669846    2.000000000000
    1.246268272400    2.000000000000
    2.040468931198    2.000000000000
    1.583365559578    2.000000000000
    0.628612577915    2.000000000000
   -0.009951710701    2.000000000000
    2.587965726852    2.000000000000
    1.668086051941    2.000000000000
    2.008179426193    2.000000000000
   -0.384334504604    2.000000000000
    0.146915972233    2.000000000000
    0.753759086132    2.000000000000
    0.809537947178    2.000000000000
    3.258574724197    2.000000000000
    0.208647370338    2.000000000000
    0.516951799393    2.000000000000
    1.552493572235    2.000000000000
    0.507044434547    2.000000000000
    1.212925910950    2.000000000000
    0.947138965130    2.000000000000
    0.922025501728    2.000000000000
    1.854223966599    2.000000000000
    1.007963776588    2.000000000000
    0.854392468929    2.000000000000
    1.791004180908    2.000000000000
   -0.246967136860    2.000000000000
    0.036308169365    2.000000000000
   -0.235122740269    2.000000000000
    1.882483720779    2.000000000000
    1.825299024582    2.000000000000
    2.406161069870    2.000000000000
    1.330148220062    2.000000000000
    1.918189525604    2.000000000000
    0.863727092743    2.000000000000
    0.694834947586    2.000000000000
    0.848579347134    2.000000000000
    1.686000823975    2.000000000000
    1.949643850327    2.000000000000
    0.820273995399    2.000000000000
    1.238676190376    2.000000000000
    1.004843354225    2.000000000000
    1.194620728493    2.000000000000
   -0.103642821312    2.000000000000
    0.146381080151    2.000000000000
   -0.712282598019    2.000000000000
    0.779557287693    2.000000000000
   -0.585326492786    2.000000000000
    0.632821500301    2.000000000000
    2.436340332031    2.000000000000
    1.290838718414    2.000000000000
    2.358199357986    2.000000000000
    1.128433346748    2.000000000000
   -1.025599002838    2.000000000000
    1.150725841522    2.000000000000
    2.073672771454    2.000000000000
    2.643127679825    2.000000000000
   -2.397496223450    2.000000000000
    0.657738447189    2.000000000000
    0.886252522469    2.000000000000
    0.372178405523    2.000000000000
    1.783428907394    2.000000000000
    0.111556112766    2.000000000000
   -0.786369621754    2.000000000000
    1.182233572006    2.000000000000
    1.134302377701    2.000000000000
   -0.163995623589    2.000000000000
    0.190090417862    2.000000000000
    1.742050170898    2.000000000000
    2.412302017212    2.000000000000
   -0.512352526188    2.000000000000
    1.224195241928    2.000000000000
    0.510087251663    2.000000000000
    1.198318719864    2.000000000000
    0.319383680820    2.000000000000
    3.517005920410    2.000000000000
    1.868485212326    2.000000000000
    1.152888536453    2.000000000000
    0.701321363449    2.000000000000
   -0.089998722076    2.000000000000
    1.782369494438    2.000000000000
    0.954291284084    2.000000000000
    2.862877130508    2.000000000000
    1.596440196037    2.000000000000
    0.955445945263    2.000000000000
    0.709890842438    2.000000000000
    1.738442182541    2.000000000000
    1.542472839355    2.000000000000
    1.190123319626    2.000000000000
    0.721367597580    2.000000000000
    0.445680916309    2.000000000000
   -0.784126460552    2.000000000000
    0.865972995758    2.000000000000
   -0.564602077007    2.000000000000
    0.348488152027    2.000000000000
   -0.717087924480    2.000000000000
    1.329816102982    2.000000000000
   -1.360334873199    2.000000000000
   -0.794001042843    2.000000000000
    2.211144685745    2.000000000000
    1.116463541985    2.000000000000
    1.299877762794    2.000000000000
   -0.703029572964    2.000000000000
    1.484606146812    2.000000000000
   -0.017533719540    2.000000000000
    2.108070135117    2.000000000000
    1.974825620651    2.000000000000
    1.657105565071    2.000000000000
    0.337930113077    2.000000000000
   -0.701041400433    2.000000000000
    1.369961977005    2.000000000000
    0.850583672523    2.000000000000
    1.990914106369    2.000000000000
   -0.324930965900    2.000000000000
    0.312741130590    2.000000000000
   -0.214238226414    2.000000000000
    0.522426903248    2.000000000000
    1.712516069412    2.000000000000
   -0.169885635376    2.000000000000
    0.470697551966    2.000000000000
    3.442568540573    2.000000000000
   -0.271922886372    2.000000000000
    0.686381697655    2.000000000000
    3.759477376938    2.000000000000
    0.936637818813    2.000000000000
    2.329247713089    2.000000000000
    0.507471084595    2.000000000000
   -1.182929754257    2.000000000000
   -0.263340413570    2.000000000000
    0.120339691639    2.000000000000
    0.179950714111    2.000000000000
   -0.913353979588    2.000000000000
   -1.207206726074    2.000000000000
    0.651068389416    2.000000000000
    0.592811822891    2.000000000000
    0.312173277140    2.000000000000
   -0.014460027218    2.000000000000
   -1.088097333908    2.000000000000
    1.799692988396    2.000000000000
   -0.219637334347    2.000000000000
    1.202257394791    2.000000000000
    1.068445563316    2.000000000000
    0.770503640175    2.000000000000
    2.000657558441    2.000000000000
   -0.628264725208    2.000000000000
    0.659357666969    2.000000000000
    0.342596739531    2.000000000000
    0.544952332973    2.000000000000
    0.521948277950    2.000000000000
    1.544548630714    2.000000000000
   -0.258414924145    2.000000000000
   -1.223776578903    2.000000000000
    0.054019868374    2.000000000000
    0.704189300537    2.000000000000
    1.231169462204    2.000000000000
    0.649218440056    2.000000000000
    2.626424074173    2.000000000000
    0.111308813095    2.000000000000
   -0.261363208294    2.000000000000
    0.376823574305    2.000000000000
    1.287992954254    2.000000000000
    0.965599298477    2.000000000000
   -0.168324649334    2.000000000000
    1.493092179298    2.000000000000
    1.458022236824    2.000000000000
    1.412077903748    2.000000000000
   -0.005438268185    2.000000000000
    0.812367796898    2.000000000000
   -0.645387351513    2.000000000000
    0.619181990623    2.000000000000
   -0.455118358135    2.000000000000
    1.001478195190    2.000000000000
    2.772295236588    2.000000000000
   -0.369711935520    2.000000000000
   -0.531562268734    2.000000000000
    0.225935280323    2.000000000000
   -1.332707643509    2.000000000000
    1.885071277618    2.000000000000
   -0.489310801029    2.000000000000
   -0.485149681568    2.000000000000
    0.365808695555    2.000000000000
    1.593408823013    2.000000000000
    1.624959945679    2.000000000000
    0.699370801449    2.000000000000
    1.336775302887    2.000000000000
   -0.055429756641    2.000000000000
    2.006835460663    2.000000000000
   -0.049067854881    2.000000000000
    1.630224227905    2.000000000000
    0.485950171947    2.000000000000
    1.215397953987    2.000000000000
    0.122916996479    2.000000000000
    1.889907360077    2.000000000000
    1.308741927147    2.000000000000
    0.876668810844    2.000000000000
    1.180053949356    2.000000000000
    1.873471736908    2.000000000000
    0.716547966003    2.000000000000
    0.542090773582    2.000000000000
    0.300893306732    2.000000000000
    0.678332328796    2.000000000000
   -0.027462780476    2.000000000000
    0.579195380211    2.000000000000
    2.030326366425    2.000000000000
   -0.547029674053    2.000000000000
    1.738057017326    2.000000000000
    0.455003559589    2.000000000000
    0.346945166588    2.000000000000
    0.241557896137    2.000000000000
    0.660302817822    2.000000000000
    1.617332220078    2.000000000000
    0.885256290436    2.000000000000
    0.033201277256    2.000000000000
    0.230317294598    2.000000000000
    0.702693939209    2.000000000000
    0.944389045238    2.000000000000
    1.648753881454    2.000000000000
    1.455100417137    2.000000000000
   -0.032019615173    2.000000000000
    0.288848757744    2.000000000000
   -0.506673991680    2.000000000000
    0.139048933983    2.000000000000
    0.122213780880    2.000000000000
