   -0.891838908195    1.000000000000
    0.396432995796    1.000000000000
   -1.171397566795    1.000000000000
    0.493885397911    1.000000000000
   -0.994001209736    1.000000000000
    1.759873747826    1.000000000000
    0.279158741236    1.000000000000
    1.284192323685    1.000000000000
   -0.098840363324    1.000000000000
    1.143030285835    1.000000000000
    0.551935732365    1.000000000000
    0.318643778563    1.000000000000
    1.020099759102    1.000000000000
    0.577816724777    1.000000000000
    0.163734391332    1.000000000000
   -0.413477748632    1.000000000000
    2.363816499710    1.000000000000
   -0.419591665268    1.000000000000
    0.289326220751    1.000000000000
    0.798246026039    1.000000000000
   -1.429150342941    1.000000000000
    0.017046190798    1.000000000000
   -1.653483510017    1.000000000000
    0.553906261921    1.000000000000
   -0.133082568645    1.000000000000
    0.619919180870    1.000000000000
    0.349005043507    1.000000000000
   -0.137075275183    1.000000000000
    0.325881481171    1.000000000000
    0.593965113163    1.000000000000
    0.814718723297    1.000000000000
    0.841347396374    1.000000000000
    0.130387410522    1.000000000000
    0.052807614207    1.000000000000
   -1.740625143051    1.000000000000
   -0.868333518505    1.000000000000
    0.034333474934    1.000000000000
    0.107350453734    1.000000000000
    0.482402890921    1.000000000000
    0.623091578484    1.000000000000
    0.347184598446    1.000000000000
   -0.608214080334    1.000000000000
    1.564404845238    1.000000000000
   -2.129131317139    1.000000000000
    1.421511530876    1.000000000000
   -1.150894761086    1.000000000000
   -1.816500663757    1.000000000000
    1.757699966431    1.000000000000
   -0.401716798544    1.000000000000
    1.128614783287    1.000000000000
   -0.086647763848    1.000000000000
   -0.615730345249    1.000000000000
    1.025528788567    1.000000000000
   -0.428652107716    1.000000000000
    0.482422381639    1.000000000000
   -0.250489592552    1.000000000000
    1.279478549957    1.000000000000
   -1.167244434357    1.000000000000
   -0.858180105686    1.000000000000
   -0.823046922684    1.000000000000
   -0.599559009075    1.000000000000
   -0.396261632442    1.000000000000
   -2.697622299194    1.000000000000
   -0.229631051421    1.000000000000
    0.874266207218    1.000000000000
   -1.063709139824    1.000000000000
   -0.510046303272    1.000000000000
   -0.850674211979    1.000000000000
   -0.063147686422    1.000000000000
    0.806817710400    1.000000000000
    1.010333299637    1.000000000000
    0.466133654118    1.000000000000
   -0.421784371138    1.000000000000
    0.114883400500    1.000000000000
    0.082363791764    1.000000000000
    0.344437390566    1.000000000000
   -1.141412496567    1.000000000000
    0.847913861275    1.000000000000
   -0.287155240774    1.000000000000
   -0.422154337168    1.000000000000
   -1.116409778595    1.000000000000
    0.741303086281    1.000000000000
    0.955758154392    1.000000000000
    0.842394292355    1.000000000000
    1.730961561203    1.000000000000
    2.125746250153    1.000000000000
   -1.248291015625    1.000000000000
   -0.329237371683    1.000000000000
   -1.607980251312    1.000000000000
    0.358340382576    1.000000000000
   -1.391442656517    1.000000000000
    2.376754760742    1.000000000000
   -0.367527246475    1.000000000000
    1.447095155716    1.000000000000
    0.316988706589    1.000000000000
    1.924287557602    1.000000000000
    0.189710468054    1.000000000000
   -0.853946447372    1.000000000000
   -0.746393620968    1.000000000000
   -1.550006866455    1.000000000000
    0.733966588974    1.000000000000
    0.896434962749    1.000000000000
    0.311512142420    1.000000000000
   -0.840367019176    1.000000000000
   -0.351399451494    1.000000000000
    0.515111804008    1.000000000000
    0.879717409611    1.000000000000
    0.142797052860    1.000000000000
   -2.308314800262    1.000000000000
    0.188146129251    1.000000000000
    0.345784068108    1.000000000000
    0.724453270435    1.000000000000
   -1.669046521187    1.000000000000
    0.592287957668    1.000000000000
   -0.156698077917    1.000000000000
    0.709176063538    1.000000000000
    0.653053462505    1.000000000000
   -0.981249511242    1.000000000000
    1.651783943176    1.000000000000
   -0.637349188328    1.000000000000
    0.015543301590    1.000000000000
   -1.069371700287    1.000000000000
    0.790630698204    1.000000000000
    0.026715613902    1.000000000000
    0.726322352886    1.000000000000
   -0.151087269187    1.000000000000
    0.858886897564    1.000000000000
    1.111863970757    1.000000000000
   -1.369209766388    1.000000000000
   -1.245820403099    1.000000000000
   -0.593184947968    1.000000000000
    0.881436645985    1.000000000000
    0.668896019459    1.000000000000
    0.378624767065    1.000000000000
   -0.181272163987    1.000000000000
   -0.355525106192    1.000000000000
   -0.006168909371    1.000000000000
    0.994515001774    1.000000000000
   -0.571908593178    1.000000000000
    0.615224480629    1.000000000000
    0.057925049216    1.000000000000
    0.076222389936    1.000000000000
    0.123990118504    1.000000000000
    0.192009896040    1.000000000000
    0.758355498314    1.000000000000
    0.390723943710    1.000000000000
   -0.438715219498    1.000000000000
   -0.061817850918    1.000000000000
    0.133411750197    1.000000000000
   -0.280157893896    1.000000000000
   -0.989303886890    1.000000000000
   -0.203532695770    1.000000000000
    0.405734151602    1.000000000000
   -0.619870901108    1.000000000000
   -0.283876925707    1.000000000000
    1.141613245010    1.000000000000
   -1.744053363800    1.000000000000
   -1.455089092255    1.000000000000
    0.239561423659    1.000000000000
   -0.429175227880    1.000000000000
   -1.594318389893    1.000000000000
    0.625775277615    1.000000000000
   -1.596761584282    1.000000000000
    0.263444095850    1.000000000000
    1.543354988098    1.000000000000
   -0.908995211124    1.000000000000
   -0.913331568241    1.000000000000
    0.414424329996    1.000000000000
    0.876790225506    1.000000000000
    0.972903013229    1.000000000000
   -1.521987676620    1.000000000000
   -1.577003359795    1.000000000000
   -0.439665347338    1.000000000000
    1.792120933533    1.000000000000
   -0.166178509593    1.000000000000
    0.949132025242    1.000000000000
   -1.242275357246    1.000000000000
    0.390617102385    1.000000000000
   -1.078226089478    1.000000000000
    0.516010999680    1.000000000000
   -0.023721933365    1.000000000000
   -0.214393779635    1.000000000000
   -0.078836068511    1.000000000000
   -1.876909255981    1.000000000000
   -0.571654438972    1.000000000000
   -2.349782943726    1.000000000000
    0.553721308708    1.000000000000
   -0.222420811653    1.000000000000
    0.627743721008    1.000000000000
   -0.960480153561    1.000000000000
   -2.302331924438    1.000000000000
    0.063854604959    1.000000000000
   -0.366382718086    1.000000000000
   -0.407318413258    1.000000000000
    0.853839993477    1.000000000000
    1.956606626511    1.000000000000
    0.047158423811    1.000000000000
   -0.032032486051    1.000000000000
   -1.534220218658    1.000000000000
   -0.679099023342    1.000000000000
   -0.541606366634    1.000000000000
    0.745665967464    1.000000000000
    0.423112928867    1.000000000000
   -0.986593425274    1.000000000000
   -0.386514455080    1.000000000000
    0.929986655712    1.000000000000
    0.168247550726    1.000000000000
    1.995960116386    1.000000000000
    0.555105090141    1.000000000000
    1.372890472412    1.000000000000
    1.202564716339    1.000000000000
   -0.791879951954    1.000000000000
   -0.365551918745    1.000000000000
    0.360820025206    1.000000000000
    0.293848723173    1.000000000000
    0.391401261091    1.000000000000
   -1.127125501633    1.000000000000
    0.379471451044    1.000000000000
   -2.605953693390    1.000000000000
   -1.633815526962    1.000000000000
    0.168404921889    1.000000000000
    0.446005105972    1.000000000000
   -0.600338995457    1.000000000000
    1.918183088303    1.000000000000
    0.130229339004    1.000000000000
   -0.511550903320    1.000000000000
   -2.064023256302    1.000000000000
    0.688091039658    1.000000000000
    1.913011789322    1.000000000000
    2.002476930618    1.000000000000
   -0.195145338774    1.000000000000
    1.680494308472    1.000000000000
    0.261864840984    1.000000000000
   -1.041646361351    1.000000000000
    0.353533506393    1.000000000000
    1.926805615425    1.000000000000
    0.596108794212    1.000000000000
    1.301821589470    1.000000000000
   -1.368717551231    1.000000000000
    0.363075882196    1.000000000000
    1.839519381523    1.000000000000
   -1.358585596085    1.000000000000
   -0.956128954887    1.000000000000
   -0.954940915108    1.000000000000
   -0.255695939064    1.000000000000
   -0.923614621162    1.000000000000
   -0.396383613348    1.000000000000
    0.260177075863    1.000000000000
    0.375430911779    1.000000000000
   -1.074484586716    1.000000000000
    0.264591157436    2.000000000000
    0.067529812455    2.000000000000
   -0.848239123821    2.000000000000
    1.430583238602    2.000000000000
   -1.392027854919    2.000000000000
    0.507913470268    2.000000000000
   -1.146732211113    2.000000000000
   -0.131591811776    2.000000000000
    0.551751136780    2.000000000000
   -0.764145493507    2.000000000000
    1.842393040657    2.000000000000
    1.476623535156    2.000000000000
   -0.128563299775    2.000000000000
    1.754148721695    2.000000000000
    2.062920808792    2.000000000000
   -0.868965804577    2.000000000000
   -0.304269254208    2.000000000000
    2.008338451385    2.000000000000
   -0.378162384033    2.000000000000
    0.087518267334    2.000000000000
    1.404426455498    2.000000000000
    0.928480207920    2.000000000000
   -0.179439827800    2.000000000000
    0.175655648112    2.000000000000
    0.084458462894    2.000000000000
    1.603398442268    2.000000000000
   -0.334826827049    2.000000000000
    0.541927099228    2.000000000000
    1.021666646004    2.000000000000
    0.646268248558    2.000000000000
    1.440468907356    2.000000000000
    0.983365535736    2.000000000000
    0.028612568974    2.000000000000
   -0.609951734543    2.000000000000
    1.987965822220    2.000000000000
    1.068086028099    2.000000000000
    1.408179402351    2.000000000000
   -0.984334528446    2.000000000000
   -0.453084051609    2.000000000000
    0.153759047389    2.000000000000
    0.209537953138    2.000000000000
    2.658574819565    2.000000000000
   -0.391352653503    2.000000000000
   -0.083048239350    2.000000000000
    0.952493488789    2.000000000000
   -0.092955604196    2.000000000000
    0.612925946712    2.000000000000
    0.347138941288    2.000000000000
    0.322025507689    2.000000000000
    1.254224061966    2.000000000000
    0.407963752747    2.000000000000
    0.254392445087    2.000000000000
    1.191004157066    2.000000000000
   -0.846967160702    2.000000000000
   -0.563691854477    2.000000000000
   -0.835122764111    2.000000000000
    1.282483816147    2.000000000000
    1.225299000740    2.000000000000
    1.806161046028    2.000000000000
    0.730148196220    2.000000000000
    1.318189620972    2.000000000000
    0.263727068901    2.000000000000
    0.094834938645    2.000000000000
    0.248579353094    2.000000000000
    1.086000919342    2.000000000000
    1.349643945694    2.000000000000
    0.220273971558    2.000000000000
    0.638676166534    2.000000000000
    0.404843360186    2.000000000000
    0.594620704651    2.000000000000
   -0.703642845154    2.000000000000
   -0.453618943691    2.000000000000
   -1.312282562256    2.000000000000
    0.179557278752    2.000000000000
   -1.185326457024    2.000000000000
    0.032821506262    2.000000000000
    1.836340427399    2.000000000000
    0.690838754177    2.000000000000
    1.758199453354    2.000000000000
    0.528433322906    2.000000000000
   -1.625598907471    2.000000000000
    0.550725877285    2.000000000000
    1.473672866821    2.000000000000
    2.043127775192    2.000000000000
   -2.997496128082    2.000000000000
    0.057738438249    2.000000000000
    0.286252528429    2.000000000000
   -0.227821603417    2.000000000000
    1.183428883553    2.000000000000
   -0.488443911076    2.000000000000
   -1.386369585991    2.000000000000
    0.582233607769    2.000000000000
    0.534302353859    2.000000000000
   -0.763995647430    2.000000000000
   -0.409909605980    2.000000000000
    1.142050147057    2.000000000000
    1.812302112579    2.000000000000
   -1.112352490425    2.000000000000
    0.624195218086    2.000000000000
   -0.089912727475    2.000000000000
    0.598318636417    2.000000000000
   -0.280616343021    2.000000000000
    2.917006015778    2.000000000000
    1.268485307693    2.000000000000
    0.552888453007    2.000000000000
    0.101321339607    2.000000000000
   -0.689998745918    2.000000000000
    1.182369470596    2.000000000000
    0.354291260242    2.000000000000
    2.262877225876    2.000000000000
    0.996440172195    2.000000000000
    0.355445921421    2.000000000000
    0.109890848398    2.000000000000
    1.138442158699    2.000000000000
    0.942472815514    2.000000000000
    0.590123295784    2.000000000000
    0.121367618442    2.000000000000
   -0.154319092631    2.000000000000
   -1.384126424789    2.000000000000
    0.265972971916    2.000000000000
   -1.164602041245    2.000000000000
   -0.251511871815    2.000000000000
   -1.317087888718    2.000000000000
    0.729816138744    2.000000000000
   -1.960334777832    2.000000000000
   -1.394001007080    2.000000000000
    1.611144781113    2.000000000000
    0.516463518143    2.000000000000
    0.699877738953    2.000000000000
   -1.303029537201    2.000000000000
    0.884606122971    2.000000000000
   -0.617533743382    2.000000000000
    1.508070111275    2.000000000000
    1.374825596809    2.000000000000
    1.057105541229    2.000000000000
   -0.262069880962    2.000000000000
   -1.301041364670    2.000000000000
    0.769962012768    2.000000000000
    0.250583648682    2.000000000000
    1.390914082527    2.000000000000
   -0.924930989742    2.000000000000
   -0.287258863449    2.000000000000
   -0.814238250256    2.000000000000
   -0.077573105693    2.000000000000
    1.112516045570    2.000000000000
   -0.769885659218    2.000000000000
   -0.129302456975    2.000000000000
    2.842568635941    2.000000000000
   -0.871922910213    2.000000000000
    0.086381681263    2.000000000000
    3.159477472305    2.000000000000
    0.336637824774    2.000000000000
    1.729247689247    2.000000000000
   -0.092528954148    2.000000000000
   -1.782929778099    2.000000000000
   -0.863340437412    2.000000000000
   -0.479660332203    2.000000000000
   -0.420049309731    2.000000000000
   -1.513353943825    2.000000000000
   -1.807206630707    2.000000000000
    0.051068395376    2.000000000000
   -0.007188200951    2.000000000000
   -0.287826716900    2.000000000000
   -0.614460051060    2.000000000000
   -1.688097238541    2.000000000000
    1.199692964554    2.000000000000
   -0.819637358189    2.000000000000
    0.602257311344    2.000000000000
    0.468445539474    2.000000000000
    0.170503616333    2.000000000000
    1.400657653809    2.000000000000
   -1.228264689445    2.000000000000
    0.059357658029    2.000000000000
   -0.257403254509    2.000000000000
   -0.055047675967    2.000000000000
   -0.078051730990    2.000000000000
    0.944548606873    2.000000000000
   -0.858414947987    2.000000000000
   -1.823776483536    2.000000000000
   -0.545980155468    2.000000000000
    0.104189313948    2.000000000000
    0.631169438362    2.000000000000
    0.049218401313    2.000000000000
    2.026424169540    2.000000000000
   -0.488691210747    2.000000000000
   -0.861363232136    2.000000000000
   -0.223176434636    2.000000000000
    0.687992990017    2.000000000000
    0.365599274635    2.000000000000
   -0.768324673176    2.000000000000
    0.893092155457    2.000000000000
    0.858022212982    2.000000000000
    0.812077939510    2.000000000000
   -0.605438292027    2.000000000000
    0.212367802858    2.000000000000
   -1.245387315750    2.000000000000
    0.019181951880    2.000000000000
   -1.055118322372    2.000000000000
    0.401478171349    2.000000000000
    2.172295331955    2.000000000000
   -0.969711959362    2.000000000000
   -1.131562232971    2.000000000000
   -0.374064743519    2.000000000000
   -1.932707548141    2.000000000000
    1.285071372986    2.000000000000
   -1.089310765266    2.000000000000
   -1.085149645805    2.000000000000
   -0.234191313386    2.000000000000
    0.993408858776    2.000000000000
    1.024960041046    2.000000000000
    0.099370807409    2.000000000000
    0.736775219440    2.000000000000
   -0.655429780483    2.000000000000
    1.406835556030    2.000000000000
   -0.649067878723    2.000000000000
    1.030224323273    2.000000000000
   -0.114049836993    2.000000000000
    0.615397989750    2.000000000000
   -0.477083027363    2.000000000000
    1.289907455444    2.000000000000
    0.708741903305    2.000000000000
    0.276668846607    2.000000000000
    0.580053925514    2.000000000000
    1.273471832275    2.000000000000
    0.116547979414    2.000000000000
   -0.057909235358    2.000000000000
   -0.299106717110    2.000000000000
    0.078332312405    2.000000000000
   -0.627462804317    2.000000000000
   -0.020804643631    2.000000000000
    1.430326342583    2.000000000000
   -1.147029638290    2.000000000000
    1.138056993484    2.000000000000
   -0.144996449351    2.000000000000
   -0.253054857254    2.000000000000
   -0.358442127705    2.000000000000
    0.060302793980    2.000000000000
    1.017332196236    2.000000000000
    0.285256266594    2.000000000000
   -0.566798746586    2.000000000000
   -0.369682729244    2.000000000000
    0.102693960071    2.000000000000
    0.344389021397    2.000000000000
    1.048753976822    2.000000000000
    0.855100393295    2.000000000000
   -0.632019639015    2.000000000000
   -0.311151266098    2.000000000000
   -1.106673955917    2.000000000000
   -0.460951089859    2.000000000000
   -0.477786242962    2.000000000000
