   -0.768170893192    1.000000000000
    0.474081933498    1.000000000000
   -1.037743210793    1.000000000000
    0.568053185940    1.000000000000
   -0.866683840752    1.000000000000
    1.788818478584    1.000000000000
    0.360996901989    1.000000000000
    1.330129146576    1.000000000000
   -0.003499513958    1.000000000000
    1.194009661674    1.000000000000
    0.624029874802    1.000000000000
    0.399071455002    1.000000000000
    1.075470328331    1.000000000000
    0.648986339569    1.000000000000
    0.249695688486    1.000000000000
   -0.306897521019    1.000000000000
    2.371187210083    1.000000000000
   -0.312793076038    1.000000000000
    0.370801180601    1.000000000000
    0.861541509628    1.000000000000
   -1.286288738251    1.000000000000
    0.108247399330    1.000000000000
   -1.502608299255    1.000000000000
    0.625929951668    1.000000000000
   -0.036518525332    1.000000000000
    0.689584791660    1.000000000000
    0.428348183632    1.000000000000
   -0.040368612856    1.000000000000
    0.406050622463    1.000000000000
    0.664557874203    1.000000000000
    0.877425849438    1.000000000000
    0.903103291988    1.000000000000
    0.217539891601    1.000000000000
    0.142731368542    1.000000000000
   -1.586637139320    1.000000000000
   -0.745505154133    1.000000000000
    0.124917149544    1.000000000000
    0.195325851440    1.000000000000
    0.556980848312    1.000000000000
    0.692643940449    1.000000000000
    0.426592767239    1.000000000000
   -0.494677603245    1.000000000000
    1.600332140923    1.000000000000
   -1.961265325546    1.000000000000
    1.462543129921    1.000000000000
   -1.017972826958    1.000000000000
   -1.659802198410    1.000000000000
    1.786722302437    1.000000000000
   -0.295556694269    1.000000000000
    1.180109143257    1.000000000000
    0.008257544599    1.000000000000
   -0.501925408840    1.000000000000
    1.080705523491    1.000000000000
   -0.321529835463    1.000000000000
    0.556999623775    1.000000000000
   -0.149731591344    1.000000000000
    1.325583696365    1.000000000000
   -1.033738493919    1.000000000000
   -0.735714495182    1.000000000000
   -0.701836287975    1.000000000000
   -0.486331731081    1.000000000000
   -0.290296405554    1.000000000000
   -2.509449005127    1.000000000000
   -0.129618152976    1.000000000000
    0.934846162796    1.000000000000
   -0.933901727200    1.000000000000
   -0.400016516447    1.000000000000
   -0.728476703167    1.000000000000
    0.030918169767    1.000000000000
    0.869807004929    1.000000000000
    1.066052794456    1.000000000000
    0.541292786598    1.000000000000
   -0.314907461405    1.000000000000
    0.202589705586    1.000000000000
    0.171231746674    1.000000000000
    0.423943698406    1.000000000000
   -1.008829355240    1.000000000000
    0.909435212612    1.000000000000
   -0.185087502003    1.000000000000
   -0.315264195204    1.000000000000
   -0.984719812870    1.000000000000
    0.806632697582    1.000000000000
    1.013427019119    1.000000000000
    0.904112756252    1.000000000000
    1.760939121246    1.000000000000
    2.141621351242    1.000000000000
   -1.111889958382    1.000000000000
   -0.225666403770    1.000000000000
   -1.458730459213    1.000000000000
    0.437350064516    1.000000000000
   -1.249927997589    1.000000000000
    2.383663415909    1.000000000000
   -0.262588471174    1.000000000000
    1.487212777138    1.000000000000
    0.397475510836    1.000000000000
    1.947359204292    1.000000000000
    0.274743855000    1.000000000000
   -0.731632053852    1.000000000000
   -0.627921164036    1.000000000000
   -1.402828097343    1.000000000000
    0.799558222294    1.000000000000
    0.956223011017    1.000000000000
    0.392194598913    1.000000000000
   -0.718537688255    1.000000000000
   -0.247036799788    1.000000000000
    0.588521301746    1.000000000000
    0.940102636814    1.000000000000
    0.229506239295    1.000000000000
   -2.134048223495    1.000000000000
    0.273235410452    1.000000000000
    0.425242275000    1.000000000000
    0.790384769440    1.000000000000
   -1.517615437508    1.000000000000
    0.662940621376    1.000000000000
   -0.059290464967    1.000000000000
    0.775653302670    1.000000000000
    0.721535503864    1.000000000000
   -0.854387640953    1.000000000000
    1.684589862823    1.000000000000
   -0.522772014141    1.000000000000
    0.106798194349    1.000000000000
   -0.939361929893    1.000000000000
    0.854198217392    1.000000000000
    0.117571413517    1.000000000000
    0.792187094688    1.000000000000
   -0.053880073130    1.000000000000
    0.920016229153    1.000000000000
    1.163956522942    1.000000000000
   -1.228489279747    1.000000000000
   -1.109507560730    1.000000000000
   -0.480185329914    1.000000000000
    0.941760480404    1.000000000000
    0.736812114716    1.000000000000
    0.456909835339    1.000000000000
   -0.082986705005    1.000000000000
   -0.251015067101    1.000000000000
    0.085861578584    1.000000000000
    1.050799489021    1.000000000000
   -0.459668993950    1.000000000000
    0.685057818890    1.000000000000
    0.147665992379    1.000000000000
    0.165309727192    1.000000000000
    0.211371108890    1.000000000000
    0.276961147785    1.000000000000
    0.823076009750    1.000000000000
    0.468576818705    1.000000000000
   -0.331233501434    1.000000000000
    0.032200500369    1.000000000000
    0.220456197858    1.000000000000
   -0.178340107203    1.000000000000
   -0.862154304981    1.000000000000
   -0.104452066123    1.000000000000
    0.483050853014    1.000000000000
   -0.505918085575    1.000000000000
   -0.181926280260    1.000000000000
    1.192643284798    1.000000000000
   -1.589942932129    1.000000000000
   -1.311300873756    1.000000000000
    0.322814047337    1.000000000000
   -0.322034299374    1.000000000000
   -1.445556640625    1.000000000000
    0.695231676102    1.000000000000
   -1.447912573814    1.000000000000
    0.345843613148    1.000000000000
    1.580034136772    1.000000000000
   -0.784714400768    1.000000000000
   -0.788895845413    1.000000000000
    0.491430580616    1.000000000000
    0.937279999256    1.000000000000
    1.029959440231    1.000000000000
   -1.375809669495    1.000000000000
   -1.428860187531    1.000000000000
   -0.332149684429    1.000000000000
    1.819913864136    1.000000000000
   -0.068432226777    1.000000000000
    1.007037639618    1.000000000000
   -1.106089234352    1.000000000000
    0.468473792076    1.000000000000
   -0.947900056839    1.000000000000
    0.589388430119    1.000000000000
    0.068935573101    1.000000000000
   -0.114925175905    1.000000000000
    0.015790207312    1.000000000000
   -1.718052983284    1.000000000000
   -0.459423929453    1.000000000000
   -2.174035072327    1.000000000000
    0.625751614571    1.000000000000
   -0.122665457428    1.000000000000
    0.697129845619    1.000000000000
   -0.834360241890    1.000000000000
   -2.128278970718    1.000000000000
    0.153383731842    1.000000000000
   -0.261484831572    1.000000000000
   -0.300958216190    1.000000000000
    0.915149629116    1.000000000000
    1.978523612022    1.000000000000
    0.137283965945    1.000000000000
    0.060921888798    1.000000000000
   -1.387605309486    1.000000000000
   -0.563030421734    1.000000000000
   -0.430449247360    1.000000000000
    0.810839712620    1.000000000000
    0.499808818102    1.000000000000
   -0.859540641308    1.000000000000
   -0.280897408724    1.000000000000
    0.988576173782    1.000000000000
    0.254047632217    1.000000000000
    2.016471385956    1.000000000000
    0.627085983753    1.000000000000
    1.415658831596    1.000000000000
    1.251417398453    1.000000000000
   -0.671782672405    1.000000000000
   -0.260683685541    1.000000000000
    0.439741134644    1.000000000000
    0.375162154436    1.000000000000
    0.469229936600    1.000000000000
   -0.995052635670    1.000000000000
    0.457726299763    1.000000000000
   -2.421055078506    1.000000000000
   -1.483642935753    1.000000000000
    0.254199385643    1.000000000000
    0.521883249283    1.000000000000
   -0.487083852291    1.000000000000
    1.941472768784    1.000000000000
    0.217387467623    1.000000000000
   -0.401467353106    1.000000000000
   -1.898483037949    1.000000000000
    0.755321443081    1.000000000000
    1.936486124992    1.000000000000
    2.022755384445    1.000000000000
   -0.096364304423    1.000000000000
    1.712274670601    1.000000000000
    0.344320744276    1.000000000000
   -0.912626981735    1.000000000000
    0.432714879513    1.000000000000
    1.949787259102    1.000000000000
    0.666624963284    1.000000000000
    1.347128629684    1.000000000000
   -1.228014588356    1.000000000000
    0.441916376352    1.000000000000
    1.865619063377    1.000000000000
   -1.218244671822    1.000000000000
   -0.830164432526    1.000000000000
   -0.829018831253    1.000000000000
   -0.154751971364    1.000000000000
   -0.798811614513    1.000000000000
   -0.290414035320    1.000000000000
    0.342693299055    1.000000000000
    0.453830063343    1.000000000000
   -0.944292187691    1.000000000000
   -0.025519683957    1.000000000000
   -0.227765351534    1.000000000000
   -1.167626380920    1.000000000000
    1.171147346497    1.000000000000
   -1.725721359253    1.000000000000
    0.224203944206    1.000000000000
   -1.473972558975    1.000000000000
   -0.432125508785    1.000000000000
    0.269194960594    1.000000000000
   -1.081320524216    1.000000000000
    1.593791127205    1.000000000000
    1.218399047852    1.000000000000
   -0.429017305374    1.000000000000
    1.503225326538    1.000000000000
    1.820120692253    1.000000000000
   -1.188898444176    1.000000000000
   -0.609345734119    1.000000000000
    1.764102578163    1.000000000000
   -0.685182869434    1.000000000000
   -0.207251042128    1.000000000000
    1.144302725792    1.000000000000
    0.655835092068    1.000000000000
   -0.481232315302    1.000000000000
   -0.116794928908    1.000000000000
   -0.210391342640    1.000000000000
    1.348509073257    1.000000000000
   -0.640707254410    1.000000000000
    0.259112447500    1.000000000000
    0.751473069191    1.000000000000
    0.366198629141    1.000000000000
    1.181293249130    1.000000000000
    0.712164342403    1.000000000000
   -0.267706423998    1.000000000000
   -0.923070192337    1.000000000000
    1.743193745613    1.000000000000
    0.799113631248    1.000000000000
    1.148154258728    1.000000000000
   -1.307302355766    1.000000000000
   -0.762075543404    1.000000000000
   -0.139267578721    1.000000000000
   -0.082021243870    1.000000000000
    2.431445121765    1.000000000000
   -0.698720157146    1.000000000000
   -0.382304847240    1.000000000000
    0.680480122566    1.000000000000
   -0.392472863197    1.000000000000
    0.331979155540    1.000000000000
    0.059199780226    1.000000000000
    0.033425651491    1.000000000000
    0.990148603916    1.000000000000
    0.121624752879    1.000000000000
   -0.035986710340    1.000000000000
    0.925265491009    1.000000000000
   -1.166321039200    1.000000000000
   -0.875593304634    1.000000000000
   -1.154165148735    1.000000000000
    1.019151926041    1.000000000000
    0.960462570190    1.000000000000
    1.556605935097    1.000000000000
    0.452285319567    1.000000000000
    1.055797100067    1.000000000000
   -0.026406522840    1.000000000000
   -0.199741885066    1.000000000000
   -0.041952729225    1.000000000000
    0.817499876022    1.000000000000
    1.088078737259    1.000000000000
   -0.071002773941    1.000000000000
    0.358406811953    1.000000000000
    0.118422292173    1.000000000000
    0.313192367554    1.000000000000
   -1.019226074219    1.000000000000
   -0.762624561787    1.000000000000
   -1.643878221512    1.000000000000
   -0.112790644169    1.000000000000
   -1.513582110405    1.000000000000
   -0.263386756182    1.000000000000
    1.587579369545    1.000000000000
    0.411941677332    1.000000000000
    1.507382631302    1.000000000000
    0.245263651013    1.000000000000
   -1.965437173843    1.000000000000
    0.268142700195    1.000000000000
    1.215370655060    1.000000000000
    1.799806833267    1.000000000000
   -3.373426675797    1.000000000000
   -0.237814322114    1.000000000000
   -0.003288442967    1.000000000000
   -0.530886948109    1.000000000000
    0.917490959167    1.000000000000
   -0.798365712166    1.000000000000
   -1.719914197922    1.000000000000
    0.300479382277    1.000000000000
    0.251287132502    1.000000000000
   -1.081166625023    1.000000000000
   -0.717765271664    1.000000000000
    0.875023603439    1.000000000000
    1.562908768654    1.000000000000
   -1.438688397408    1.000000000000
    0.343544930220    1.000000000000
   -0.389349907637    1.000000000000
    0.316987574100    1.000000000000
   -0.585070550442    1.000000000000
    2.696675300598    1.000000000000
    1.004784941673    1.000000000000
    0.270362198353    1.000000000000
   -0.193084850907    1.000000000000
   -1.005223035812    1.000000000000
    0.916403770447    1.000000000000
    0.066540278494    1.000000000000
    2.025337457657    1.000000000000
    0.725582957268    1.000000000000
    0.067725308239    1.000000000000
   -0.184289887547    1.000000000000
    0.871320664883    1.000000000000
    0.670195817947    1.000000000000
    0.308576643467    1.000000000000
   -0.172511175275    1.000000000000
   -0.455450683832    1.000000000000
   -1.717611908913    1.000000000000
   -0.024101527408    1.000000000000
   -1.492312312126    1.000000000000
   -0.555200457573    1.000000000000
   -1.648809790611    1.000000000000
    0.451944500208    1.000000000000
   -2.308979511261    1.000000000000
   -1.727746367455    1.000000000000
    1.356459259987    1.000000000000
    0.232978940010    1.000000000000
    0.421218544245    1.000000000000
   -1.634381771088    1.000000000000
    0.610806763172    1.000000000000
   -0.930851697922    1.000000000000
    1.250673055649    1.000000000000
    1.113922953606    1.000000000000
    0.787844300270    1.000000000000
   -0.566036224365    1.000000000000
   -1.632341146469    1.000000000000
    0.493146598339    1.000000000000
   -0.039895728230    1.000000000000
    1.130434632301    1.000000000000
   -1.246335983276    1.000000000000
   -0.591887891293    1.000000000000
   -1.132731199265    1.000000000000
   -0.376685678959    1.000000000000
    0.844712555408    1.000000000000
   -1.087211608887    1.000000000000
   -0.429775923491    1.000000000000
    2.620279550552    1.000000000000
   -1.191933274269    1.000000000000
   -0.208417534828    1.000000000000
    2.945525646210    1.000000000000
    0.048422392458    1.000000000000
    1.477669119835    1.000000000000
   -0.392034977674    1.000000000000
   -2.126907348633    1.000000000000
   -1.183125019073    1.000000000000
   -0.789351046085    1.000000000000
   -0.728171765804    1.000000000000
   -1.850239276886    1.000000000000
   -2.151822805405    1.000000000000
   -0.244659841061    1.000000000000
   -0.304449051619    1.000000000000
   -0.592470705509    1.000000000000
   -0.927697062492    1.000000000000
   -2.029579877853    1.000000000000
    0.934182941914    1.000000000000
   -1.138272404671    1.000000000000
    0.321029871702    1.000000000000
    0.183697730303    1.000000000000
   -0.122082494199    1.000000000000
    1.140434741974    1.000000000000
   -1.557649970055    1.000000000000
   -0.236152514815    1.000000000000
   -0.561246812344    1.000000000000
   -0.353567630053    1.000000000000
   -0.377176880836    1.000000000000
    0.672326207161    1.000000000000
   -1.178070068359    1.000000000000
   -2.168828725815    1.000000000000
   -0.857415616512    1.000000000000
   -0.190141424537    1.000000000000
    0.350702613592    1.000000000000
   -0.246558517218    1.000000000000
    1.782663941383    1.000000000000
   -0.798619508743    1.000000000000
   -1.181095719337    1.000000000000
   -0.526119530201    1.000000000000
    0.409021019936    1.000000000000
    0.078145772219    1.000000000000
   -1.085609555244    1.000000000000
    0.619516015053    1.000000000000
    0.583523452282    1.000000000000
    0.536370515823    1.000000000000
   -0.918438017368    1.000000000000
   -0.079116940498    1.000000000000
   -1.575222969055    1.000000000000
   -0.277385145426    1.000000000000
   -1.379948258400    1.000000000000
    0.114968575537    1.000000000000
    1.932372689247    1.000000000000
   -1.292294979095    1.000000000000
   -1.458403348923    1.000000000000
   -0.680977404118    1.000000000000
   -2.280625581741    1.000000000000
    1.021807551384    1.000000000000
   -1.415040373802    1.000000000000
   -1.410769820213    1.000000000000
   -0.537424206734    1.000000000000
    0.722471892834    1.000000000000
    0.754853069782    1.000000000000
   -0.195086687803    1.000000000000
    0.459086686373    1.000000000000
   -0.969744682312    1.000000000000
    1.146774888039    1.000000000000
   -0.963215410709    1.000000000000
    0.760255873203    1.000000000000
   -0.414122015238    1.000000000000
    0.334516227245    1.000000000000
   -0.786705970764    1.000000000000
    1.026770710945    1.000000000000
    0.430315881968    1.000000000000
   -0.013124269433    1.000000000000
    0.298242360353    1.000000000000
    1.009902834892    1.000000000000
   -0.177457615733    1.000000000000
   -0.356504440308    1.000000000000
   -0.604047417641    1.000000000000
   -0.216678664088    1.000000000000
   -0.941041946411    1.000000000000
   -0.318423718214    1.000000000000
    1.170883774757    1.000000000000
   -1.474277734756    1.000000000000
    0.870925486088    1.000000000000
   -0.445882797241    1.000000000000
   -0.556783974171    1.000000000000
   -0.664943814278    1.000000000000
   -0.235182508826    1.000000000000
    0.747024595737    1.000000000000
   -0.004310918506    1.000000000000
   -0.878781914711    1.000000000000
   -0.676480114460    1.000000000000
   -0.191676110029    1.000000000000
    0.056377530098    1.000000000000
    0.779272973537    1.000000000000
    0.580524802208    1.000000000000
   -0.945718646049    1.000000000000
   -0.616408824921    1.000000000000
   -1.432860255241    1.000000000000
   -0.770149588585    1.000000000000
   -0.787427604198    1.000000000000
   -0.590750455856    2.000000000000
    0.735531449318    2.000000000000
    0.181199878454    2.000000000000
    1.753376007080    2.000000000000
    0.519491910934    2.000000000000
   -1.120509147644    2.000000000000
   -1.500077128410    2.000000000000
    1.669710993767    2.000000000000
   -0.043515618891    2.000000000000
    0.784835517406    2.000000000000
    0.411240816116    2.000000000000
    1.112702965736    2.000000000000
    1.319678664207    2.000000000000
    2.127574920654    2.000000000000
   -1.099044203758    2.000000000000
   -1.005877256393    2.000000000000
   -0.615836739540    2.000000000000
    1.126825094223    2.000000000000
    0.840326726437    2.000000000000
   -0.229750066996    2.000000000000
    0.349936306477    2.000000000000
   -0.313165962696    2.000000000000
    1.043687701225    2.000000000000
    0.900046646595    2.000000000000
    0.433645516634    2.000000000000
   -0.022736705840    2.000000000000
    0.479033380747    2.000000000000
   -0.314851164818    2.000000000000
    0.784884035587    2.000000000000
    0.281663417816    2.000000000000
   -1.339524030685    2.000000000000
    1.480173826218    2.000000000000
    0.541555941105    2.000000000000
    0.983829319477    2.000000000000
    1.682113528252    2.000000000000
    0.650611877441    2.000000000000
   -0.196008160710    2.000000000000
   -0.840776383877    2.000000000000
   -1.165299534798    2.000000000000
   -0.983595013618    2.000000000000
   -0.011762731709    2.000000000000
    0.250128895044    2.000000000000
   -1.237563610077    2.000000000000
    1.366882324219    2.000000000000
    0.641175985336    2.000000000000
    1.371764779091    2.000000000000
    1.644786357880    2.000000000000
   -1.321206927299    2.000000000000
    0.304135143757    2.000000000000
   -0.402444422245    2.000000000000
    0.033571179956    2.000000000000
    1.476720571518    2.000000000000
   -1.491759419441    2.000000000000
    1.664099335670    2.000000000000
   -0.324343979359    2.000000000000
   -1.314538478851    2.000000000000
    2.164671659470    2.000000000000
   -0.527992248535    2.000000000000
   -0.645839452744    2.000000000000
   -0.739535689354    2.000000000000
    0.576040804386    2.000000000000
   -0.204615548253    2.000000000000
    0.662663757801    2.000000000000
   -0.269629895687    2.000000000000
   -0.386785566807    2.000000000000
    0.521439909935    2.000000000000
    0.423860371113    2.000000000000
    0.235607147217    2.000000000000
   -0.149739056826    2.000000000000
    0.093152187765    2.000000000000
    0.194395229220    2.000000000000
    1.613014817238    2.000000000000
    0.701964378357    2.000000000000
    1.155997633934    2.000000000000
   -0.481798619032    2.000000000000
   -1.536976695061    2.000000000000
    2.319938421249    2.000000000000
   -0.128499150276    2.000000000000
   -0.398714900017    2.000000000000
   -0.881486654282    2.000000000000
    0.095156669617    2.000000000000
   -0.700493097305    2.000000000000
    0.237171158195    2.000000000000
    0.759582042694    2.000000000000
    0.915797114372    2.000000000000
    0.989648401737    2.000000000000
    0.595501899719    2.000000000000
   -0.582061529160    2.000000000000
    2.333989620209    2.000000000000
   -2.076614141464    2.000000000000
   -1.049884319305    2.000000000000
   -0.736060321331    2.000000000000
   -1.529177904129    2.000000000000
    0.234320715070    2.000000000000
    0.319461166859    2.000000000000
   -1.816980004311    2.000000000000
   -1.395146250725    2.000000000000
    1.121098637581    2.000000000000
   -2.686012506485    2.000000000000
    0.051803000271    2.000000000000
   -0.285006403923    2.000000000000
   -1.170283198357    2.000000000000
    0.235808566213    2.000000000000
   -0.832252740860    2.000000000000
    0.657670080662    2.000000000000
    0.386870533228    2.000000000000
    0.210873112082    2.000000000000
   -0.042576018721    2.000000000000
   -1.201847195625    2.000000000000
   -0.535097301006    2.000000000000
   -0.677965819836    2.000000000000
    0.571404516697    2.000000000000
   -1.529944300652    2.000000000000
   -0.243973448873    2.000000000000
    0.171267032623    2.000000000000
    0.107315458357    2.000000000000
    1.757385015488    2.000000000000
    0.200098246336    2.000000000000
   -0.133087217808    2.000000000000
    0.065490923822    2.000000000000
   -0.058593209833    2.000000000000
    0.943551778793    2.000000000000
    0.935469448566    2.000000000000
   -0.947443783283    2.000000000000
    1.670741200447    2.000000000000
   -0.588428020477    2.000000000000
   -1.497037649155    2.000000000000
   -1.947449803352    2.000000000000
    0.563559412956    2.000000000000
    0.439261764288    2.000000000000
   -0.360903114080    2.000000000000
    2.727987766266    2.000000000000
   -0.957030475140    2.000000000000
   -0.605596899986    2.000000000000
   -1.365566730499    2.000000000000
    1.234751939774    2.000000000000
   -0.846549868584    2.000000000000
   -0.542834699154    2.000000000000
    1.288240909576    2.000000000000
    0.480668216944    2.000000000000
   -0.821927785873    2.000000000000
    0.925342679024    2.000000000000
   -0.359114378691    2.000000000000
    0.196361050010    2.000000000000
    0.157608538866    2.000000000000
    0.769270002842    2.000000000000
   -0.765298306942    2.000000000000
    0.209477499127    2.000000000000
    0.125865399837    2.000000000000
   -0.100945539773    2.000000000000
   -0.030125768855    2.000000000000
    0.955192387104    2.000000000000
   -0.495804816484    2.000000000000
   -0.189240053296    2.000000000000
   -0.292192459106    2.000000000000
    0.450343936682    2.000000000000
   -1.067270636559    2.000000000000
    0.624365031719    2.000000000000
   -1.129431009293    2.000000000000
   -0.210371568799    2.000000000000
   -0.186717033386    2.000000000000
    0.240703210235    2.000000000000
   -0.836816728115    2.000000000000
    0.260508298874    2.000000000000
    0.719859004021    2.000000000000
   -1.794858813286    2.000000000000
    0.163408711553    2.000000000000
   -0.614109516144    2.000000000000
    1.505313038826    2.000000000000
   -0.640123665333    2.000000000000
    1.184362530708    2.000000000000
   -0.082331791520    2.000000000000
   -0.204768568277    2.000000000000
   -0.102774910629    2.000000000000
    0.234165877104    2.000000000000
    1.215560913086    2.000000000000
   -1.998940944672    2.000000000000
   -0.235686182976    2.000000000000
    0.239898279309    2.000000000000
   -1.074317455292    2.000000000000
    0.396022021770    2.000000000000
    0.468721270561    2.000000000000
   -1.203182101250    2.000000000000
   -0.901312112808    2.000000000000
    1.060116410255    2.000000000000
   -1.902598142624    2.000000000000
    1.429607033730    2.000000000000
    1.927575588226    2.000000000000
    1.416085720062    2.000000000000
   -0.329067438841    2.000000000000
    0.319231688976    2.000000000000
   -0.923564910889    2.000000000000
    0.167138308287    2.000000000000
    0.872046947479    2.000000000000
   -0.775490045547    2.000000000000
   -0.836534380913    2.000000000000
   -1.609049558640    2.000000000000
   -0.329590320587    2.000000000000
    0.729771614075    2.000000000000
   -1.030729293823    2.000000000000
    0.319237589836    2.000000000000
   -0.738813638687    2.000000000000
    0.167818099260    2.000000000000
   -0.117956832051    2.000000000000
   -1.521687269211    2.000000000000
   -0.259893536568    2.000000000000
   -1.746909260750    2.000000000000
    0.880980312824    2.000000000000
    0.164953678846    2.000000000000
   -1.224419832230    2.000000000000
   -0.126569002867    2.000000000000
    1.523347020149    2.000000000000
   -0.107798166573    2.000000000000
   -0.689413845539    2.000000000000
    0.351794123650    2.000000000000
    0.176226794720    2.000000000000
    0.394515872002    2.000000000000
   -0.631084978580    2.000000000000
   -0.785470545292    2.000000000000
   -0.314024060965    2.000000000000
   -0.037708461285    2.000000000000
    0.553903937340    2.000000000000
    0.352399259806    2.000000000000
   -0.617611348629    2.000000000000
   -0.944533646107    2.000000000000
    0.101056963205    2.000000000000
   -0.267351120710    2.000000000000
    0.285502761602    2.000000000000
    1.308334589005    2.000000000000
   -0.648364722729    2.000000000000
   -0.961615681648    2.000000000000
    1.714046597481    2.000000000000
    0.662984013557    2.000000000000
    0.874647378922    2.000000000000
   -0.973527431488    2.000000000000
   -1.614866852760    2.000000000000
    0.832741439342    2.000000000000
   -0.407635360956    2.000000000000
    1.660495996475    2.000000000000
   -0.252377092838    2.000000000000
   -0.313563376665    2.000000000000
    0.780277132988    2.000000000000
   -0.895228147507    2.000000000000
    0.754946053028    2.000000000000
    0.744621574879    2.000000000000
   -1.282451391220    2.000000000000
   -2.811173200607    2.000000000000
    2.144748687744    2.000000000000
   -0.592560589314    2.000000000000
    1.552881479263    2.000000000000
   -2.055396556854    2.000000000000
    1.582747340202    2.000000000000
   -0.117882572114    2.000000000000
    0.178858280182    2.000000000000
   -0.537865936756    2.000000000000
    0.169368490577    2.000000000000
    1.282006621361    2.000000000000
   -0.026773797348    2.000000000000
    0.836417734623    2.000000000000
   -0.076891571283    2.000000000000
    1.197271823883    2.000000000000
   -0.716411352158    2.000000000000
    0.239433571696    2.000000000000
   -1.997982144356    2.000000000000
    0.283998101950    2.000000000000
    0.382697880268    2.000000000000
    0.472875148058    2.000000000000
   -0.135744974017    2.000000000000
   -1.924028754234    2.000000000000
    1.935412406921    2.000000000000
    0.059906896204    2.000000000000
    0.342871040106    2.000000000000
    0.512250840664    2.000000000000
   -0.398242354393    2.000000000000
    0.010041887872    2.000000000000
   -0.572012424469    2.000000000000
   -0.868510723114    2.000000000000
    0.484274476767    2.000000000000
   -0.862574398518    2.000000000000
    1.512427330017    2.000000000000
   -0.329666644335    2.000000000000
    1.202618956566    2.000000000000
   -0.452733337879    2.000000000000
    0.592252075672    2.000000000000
   -1.175404906273    2.000000000000
    1.624292969704    2.000000000000
    1.312107563019    2.000000000000
   -0.433343350887    2.000000000000
    0.006518190261    2.000000000000
    1.340854048729    2.000000000000
   -0.606378376484    2.000000000000
   -2.152022361755    2.000000000000
    1.181214928627    2.000000000000
   -0.681477248669    2.000000000000
   -1.078668236732    2.000000000000
   -1.505156636238    2.000000000000
   -1.449514746666    2.000000000000
   -0.115901820362    2.000000000000
   -0.350652962923    2.000000000000
   -1.581400513649    2.000000000000
   -1.757726788521    2.000000000000
    1.148454904556    2.000000000000
    0.643400549889    2.000000000000
   -0.734862029552    2.000000000000
   -0.005316619761    2.000000000000
   -0.517679929733    2.000000000000
   -0.247121930122    2.000000000000
   -1.212561130524    2.000000000000
    2.420706272125    2.000000000000
    0.184855133295    2.000000000000
   -0.973682940006    2.000000000000
   -0.478667199612    2.000000000000
    0.611030220985    2.000000000000
   -1.214441776276    2.000000000000
    0.833822250366    2.000000000000
   -0.703384101391    2.000000000000
    1.651845932007    2.000000000000
    1.136439085007    2.000000000000
    0.087169490755    2.000000000000
   -0.840859055519    2.000000000000
    1.164914131165    2.000000000000
   -1.211702704430    2.000000000000
    0.165090441704    2.000000000000
   -0.131200000644    2.000000000000
    1.104565262794    2.000000000000
    2.009027242661    2.000000000000
   -3.048479795456    2.000000000000
    0.734565138817    2.000000000000
    1.198755502701    2.000000000000
    0.485024660826    2.000000000000
    0.474127173424    2.000000000000
    1.339098811150    2.000000000000
   -0.267848670483    2.000000000000
    0.074719533324    2.000000000000
   -1.074212193489    2.000000000000
   -0.283379077911    2.000000000000
   -0.908509075642    2.000000000000
   -0.498121082783    2.000000000000
    1.076522707939    2.000000000000
    0.325903266668    2.000000000000
    0.176180228591    2.000000000000
   -0.682360827923    2.000000000000
    0.176049217582    2.000000000000
   -0.200704872608    2.000000000000
    0.544683039188    2.000000000000
    0.237272456288    2.000000000000
    0.132232204080    2.000000000000
   -0.677113294601    2.000000000000
    0.901707231998    2.000000000000
   -0.233476206660    2.000000000000
    1.340963602066    2.000000000000
   -1.874007821083    2.000000000000
   -0.281008780003    2.000000000000
   -0.047351662070    2.000000000000
    0.738082289696    2.000000000000
   -2.219301223755    2.000000000000
    0.408346503973    2.000000000000
    0.370679706335    2.000000000000
    0.653391599655    2.000000000000
    0.469305843115    2.000000000000
   -0.165392175317    2.000000000000
   -0.510207593441    2.000000000000
   -0.299336194992    2.000000000000
    0.097987294197    2.000000000000
    0.595319628716    2.000000000000
   -0.877417445183    2.000000000000
    1.310834527016    2.000000000000
   -0.039098903537    2.000000000000
    1.375126600266    2.000000000000
   -0.807237982750    2.000000000000
    1.230515718460    2.000000000000
    1.068258166313    2.000000000000
   -1.319259762764    2.000000000000
   -0.992700040340    2.000000000000
   -0.431054592133    2.000000000000
    0.134530678391    2.000000000000
   -0.638186335564    2.000000000000
    0.209990054369    2.000000000000
   -0.583104968071    2.000000000000
    0.882839322090    2.000000000000
   -0.573218226433    2.000000000000
   -0.469067633152    2.000000000000
   -1.671524047852    2.000000000000
    0.831180453300    2.000000000000
   -0.517337381840    2.000000000000
   -0.790234029293    2.000000000000
    2.121117830276    2.000000000000
   -0.240730747581    2.000000000000
   -0.500517547131    2.000000000000
    0.618979752064    2.000000000000
   -0.171187996864    2.000000000000
    0.124703787267    2.000000000000
   -0.455347299576    2.000000000000
    0.086130805314    2.000000000000
    0.661620974541    2.000000000000
   -0.399599015713    2.000000000000
    2.768222808838    2.000000000000
   -0.965283870697    2.000000000000
   -0.949432790279    2.000000000000
   -1.178294777870    2.000000000000
   -1.109258413315    2.000000000000
   -2.619750022888    2.000000000000
   -0.361055850983    2.000000000000
   -0.650494992733    2.000000000000
    1.068445205688    2.000000000000
    0.374845921993    2.000000000000
    1.194528698921    2.000000000000
   -0.774143755436    2.000000000000
   -1.628273010254    2.000000000000
    0.082248680294    2.000000000000
    1.172266364098    2.000000000000
    0.087005525827    2.000000000000
   -0.010127146728    2.000000000000
   -0.029977858067    2.000000000000
    0.898772537708    2.000000000000
   -0.297785162926    2.000000000000
   -0.167992547154    2.000000000000
   -1.209988594055    2.000000000000
   -1.131675362587    2.000000000000
    0.884858369827    2.000000000000
    0.386555701494    2.000000000000
   -1.369267344475    2.000000000000
   -0.745622754097    2.000000000000
    1.218882441521    2.000000000000
    0.475577235222    2.000000000000
    0.870540142059    2.000000000000
    2.871236085892    2.000000000000
   -0.021639725193    2.000000000000
   -1.748056292534    2.000000000000
    0.644328832626    2.000000000000
    0.437586367130    2.000000000000
   -0.042599741369    2.000000000000
    0.978787541389    2.000000000000
   -1.018740177155    2.000000000000
    1.087050795555    2.000000000000
    0.142079263926    2.000000000000
    0.796454131603    2.000000000000
   -0.468276619911    2.000000000000
    0.078704074025    2.000000000000
    1.658944249153    2.000000000000
    0.129444688559    2.000000000000
    0.857889592648    2.000000000000
   -1.203233003616    2.000000000000
   -1.323779702187    2.000000000000
    0.184631466866    2.000000000000
   -0.104245051742    2.000000000000
   -0.809564054012    2.000000000000
    0.952712237835    2.000000000000
   -0.224290534854    2.000000000000
    1.087597250938    2.000000000000
   -0.793035686016    2.000000000000
   -2.516840934753    2.000000000000
   -0.977183580399    2.000000000000
    0.131953746080    2.000000000000
   -0.389390677214    2.000000000000
    0.269946455956    2.000000000000
    0.327780306339    2.000000000000
   -2.171547412872    2.000000000000
    0.662492990494    2.000000000000
    0.009732682258    2.000000000000
   -0.730225443840    2.000000000000
    0.192834407091    2.000000000000
    0.404523730278    2.000000000000
   -1.794882655144    2.000000000000
   -1.366319417953    2.000000000000
   -0.020398952067    2.000000000000
    0.066122740507    2.000000000000
    0.873730123043    2.000000000000
    1.979176640511    2.000000000000
   -0.696622550488    2.000000000000
   -0.960264801979    2.000000000000
    0.654080212116    2.000000000000
   -0.231799602509    2.000000000000
    0.641486525536    2.000000000000
    1.371733546257    2.000000000000
   -1.196819543839    2.000000000000
    0.712520956993    2.000000000000
    0.499939441681    2.000000000000
   -0.693360567093    2.000000000000
   -0.154461130500    2.000000000000
    0.979025006294    2.000000000000
   -0.203388109803    2.000000000000
    0.019182443619    2.000000000000
   -0.269182026386    2.000000000000
   -1.252807736397    2.000000000000
    1.451883792877    2.000000000000
    0.259646922350    2.000000000000
    1.565705537796    2.000000000000
   -0.260865181684    2.000000000000
    0.975010693073    2.000000000000
   -0.783919334412    2.000000000000
   -0.832555532455    2.000000000000
   -1.071995258331    2.000000000000
    1.036950469017    2.000000000000
   -1.572741150856    2.000000000000
   -0.232658311725    2.000000000000
    1.824293375015    2.000000000000
   -2.186395883560    2.000000000000
    1.070559620857    2.000000000000
    1.580018401146    2.000000000000
