   -0.768170893192    1.000000000000
    0.474081933498    1.000000000000
   -1.037743210793    1.000000000000
    0.568053185940    1.000000000000
   -0.866683840752    1.000000000000
    1.788818478584    1.000000000000
    0.360996901989    1.000000000000
    1.330129146576    1.000000000000
   -0.003499513958    1.000000000000
    1.194009661674    1.000000000000
    0.624029874802    1.000000000000
    0.399071455002    1.000000000000
    1.075470328331    1.000000000000
    0.648986339569    1.000000000000
    0.249695688486    1.000000000000
   -0.306897521019    1.000000000000
    2.371187210083    1.000000000000
   -0.312793076038    1.000000000000
    0.370801180601    1.000000000000
    0.861541509628    1.000000000000
   -1.286288738251    1.000000000000
    0.108247399330    1.000000000000
   -1.502608299255    1.000000000000
    0.625929951668    1.000000000000
   -0.036518525332    1.000000000000
    0.689584791660    1.000000000000
    0.428348183632    1.000000000000
   -0.040368612856    1.000000000000
    0.406050622463    1.000000000000
    0.664557874203    1.000000000000
    0.877425849438    1.000000000000
    0.903103291988    1.000000000000
    0.217539891601    1.000000000000
    0.142731368542    1.000000000000
   -1.586637139320    1.000000000000
   -0.745505154133    1.000000000000
    0.124917149544    1.000000000000
    0.195325851440    1.000000000000
    0.556980848312    1.000000000000
    0.692643940449    1.000000000000
    0.426592767239    1.000000000000
   -0.494677603245    1.000000000000
    1.600332140923    1.000000000000
   -1.961265325546    1.000000000000
    1.462543129921    1.000000000000
   -1.017972826958    1.000000000000
   -1.659802198410    1.000000000000
    1.786722302437    1.000000000000
   -0.295556694269    1.000000000000
    1.180109143257    1.000000000000
    0.008257544599    1.000000000000
   -0.501925408840    1.000000000000
    1.080705523491    1.000000000000
   -0.321529835463    1.000000000000
    0.556999623775    1.000000000000
   -0.149731591344    1.000000000000
    1.325583696365    1.000000000000
   -1.033738493919    1.000000000000
   -0.735714495182    1.000000000000
   -0.701836287975    1.000000000000
   -0.486331731081    1.000000000000
   -0.290296405554    1.000000000000
   -2.509449005127    1.000000000000
   -0.129618152976    1.000000000000
    0.934846162796    1.000000000000
   -0.933901727200    1.000000000000
   -0.400016516447    1.000000000000
   -0.728476703167    1.000000000000
    0.030918169767    1.000000000000
    0.869807004929    1.000000000000
    1.066052794456    1.000000000000
    0.541292786598    1.000000000000
   -0.314907461405    1.000000000000
    0.202589705586    1.000000000000
    0.171231746674    1.000000000000
    0.423943698406    1.000000000000
   -1.008829355240    1.000000000000
    0.909435212612    1.000000000000
   -0.185087502003    1.000000000000
   -0.315264195204    1.000000000000
   -0.984719812870    1.000000000000
    0.806632697582    1.000000000000
    1.013427019119    1.000000000000
    0.904112756252    1.000000000000
    1.760939121246    1.000000000000
    2.141621351242    1.000000000000
   -1.111889958382    1.000000000000
   -0.225666403770    1.000000000000
   -1.458730459213    1.000000000000
    0.437350064516    1.000000000000
   -1.249927997589    1.000000000000
    2.383663415909    1.000000000000
   -0.262588471174    1.000000000000
    1.487212777138    1.000000000000
    0.397475510836    1.000000000000
    1.947359204292    1.000000000000
    0.274743855000    1.000000000000
   -0.731632053852    1.000000000000
   -0.627921164036    1.000000000000
   -1.402828097343    1.000000000000
    0.799558222294    1.000000000000
    0.956223011017    1.000000000000
    0.392194598913    1.000000000000
   -0.718537688255    1.000000000000
   -0.247036799788    1.000000000000
    0.588521301746    1.000000000000
    0.940102636814    1.000000000000
    0.229506239295    1.000000000000
   -2.134048223495    1.000000000000
    0.273235410452    1.000000000000
    0.425242275000    1.000000000000
    0.790384769440    1.000000000000
   -1.517615437508    1.000000000000
    0.662940621376    1.000000000000
   -0.059290464967    1.000000000000
    0.775653302670    1.000000000000
    0.721535503864    1.000000000000
   -0.854387640953    1.000000000000
    1.684589862823    1.000000000000
   -0.522772014141    1.000000000000
    0.106798194349    1.000000000000
   -0.939361929893    1.000000000000
    0.854198217392    1.000000000000
    0.117571413517    1.000000000000
    0.792187094688    1.000000000000
   -0.053880073130    1.000000000000
    0.920016229153    1.000000000000
    1.163956522942    1.000000000000
   -1.228489279747    1.000000000000
   -1.109507560730    1.000000000000
   -0.480185329914    1.000000000000
    0.941760480404    1.000000000000
    0.736812114716    1.000000000000
    0.456909835339    1.000000000000
   -0.082986705005    1.000000000000
   -0.251015067101    1.000000000000
    0.085861578584    1.000000000000
    1.050799489021    1.000000000000
   -0.459668993950    1.000000000000
    0.685057818890    1.000000000000
    0.147665992379    1.000000000000
    0.165309727192    1.000000000000
    0.211371108890    1.000000000000
    0.276961147785    1.000000000000
    0.823076009750    1.000000000000
    0.468576818705    1.000000000000
   -0.331233501434    1.000000000000
    0.032200500369    1.000000000000
    0.220456197858    1.000000000000
   -0.178340107203    1.000000000000
   -0.862154304981    1.000000000000
   -0.104452066123    1.000000000000
    0.483050853014    1.000000000000
   -0.505918085575    1.000000000000
   -0.181926280260    1.000000000000
    1.192643284798    1.000000000000
   -1.589942932129    1.000000000000
   -1.311300873756    1.000000000000
    0.322814047337    1.000000000000
   -0.322034299374    1.000000000000
   -1.445556640625    1.000000000000
    0.695231676102    1.000000000000
   -1.447912573814    1.000000000000
    0.345843613148    1.000000000000
    1.580034136772    1.000000000000
   -0.784714400768    1.000000000000
   -0.788895845413    1.000000000000
    0.491430580616    1.000000000000
    0.937279999256    1.000000000000
    1.029959440231    1.000000000000
   -1.375809669495    1.000000000000
   -1.428860187531    1.000000000000
   -0.332149684429    1.000000000000
    1.819913864136    1.000000000000
   -0.068432226777    1.000000000000
    1.007037639618    1.000000000000
   -1.106089234352    1.000000000000
    0.468473792076    1.000000000000
   -0.947900056839    1.000000000000
    0.589388430119    1.000000000000
    0.068935573101    1.000000000000
   -0.114925175905    1.000000000000
    0.015790207312    1.000000000000
   -1.718052983284    1.000000000000
   -0.459423929453    1.000000000000
   -2.174035072327    1.000000000000
    0.625751614571    1.000000000000
   -0.122665457428    1.000000000000
    0.697129845619    1.000000000000
   -0.834360241890    1.000000000000
   -2.128278970718    1.000000000000
    0.153383731842    1.000000000000
   -0.261484831572    1.000000000000
   -0.300958216190    1.000000000000
    0.915149629116    1.000000000000
    1.978523612022    1.000000000000
    0.137283965945    1.000000000000
    0.060921888798    1.000000000000
   -1.387605309486    1.000000000000
   -0.563030421734    1.000000000000
   -0.430449247360    1.000000000000
    0.810839712620    1.000000000000
    0.499808818102    1.000000000000
   -0.859540641308    1.000000000000
   -0.280897408724    1.000000000000
    0.988576173782    1.000000000000
    0.254047632217    1.000000000000
    2.016471385956    1.000000000000
    0.627085983753    1.000000000000
    1.415658831596    1.000000000000
    1.251417398453    1.000000000000
   -0.671782672405    1.000000000000
   -0.260683685541    1.000000000000
    0.439741134644    1.000000000000
    0.375162154436    1.000000000000
    0.469229936600    1.000000000000
   -0.995052635670    1.000000000000
    0.457726299763    1.000000000000
   -2.421055078506    1.000000000000
   -1.483642935753    1.000000000000
    0.254199385643    1.000000000000
    0.521883249283    1.000000000000
   -0.487083852291    1.000000000000
    1.941472768784    1.000000000000
    0.217387467623    1.000000000000
   -0.401467353106    1.000000000000
   -1.898483037949    1.000000000000
    0.755321443081    1.000000000000
    1.936486124992    1.000000000000
    2.022755384445    1.000000000000
   -0.096364304423    1.000000000000
    1.712274670601    1.000000000000
    0.344320744276    1.000000000000
   -0.912626981735    1.000000000000
    0.432714879513    1.000000000000
    1.949787259102    1.000000000000
    0.666624963284    1.000000000000
    1.347128629684    1.000000000000
   -1.228014588356    1.000000000000
    0.441916376352    1.000000000000
    1.865619063377    1.000000000000
   -1.218244671822    1.000000000000
   -0.830164432526    1.000000000000
   -0.829018831253    1.000000000000
   -0.154751971364    1.000000000000
   -0.798811614513    1.000000000000
   -0.290414035320    1.000000000000
    0.342693299055    1.000000000000
    0.453830063343    1.000000000000
   -0.944292187691    1.000000000000
   -0.025519683957    1.000000000000
   -0.227765351534    1.000000000000
   -1.167626380920    1.000000000000
    1.171147346497    1.000000000000
   -1.725721359253    1.000000000000
    0.224203944206    1.000000000000
   -1.473972558975    1.000000000000
   -0.432125508785    1.000000000000
    0.269194960594    1.000000000000
   -1.081320524216    1.000000000000
    1.593791127205    1.000000000000
    1.218399047852    1.000000000000
   -0.429017305374    1.000000000000
    1.503225326538    1.000000000000
    1.820120692253    1.000000000000
   -1.188898444176    1.000000000000
   -0.609345734119    1.000000000000
    1.764102578163    1.000000000000
   -0.685182869434    1.000000000000
   -0.207251042128    1.000000000000
    1.144302725792    1.000000000000
    0.655835092068    1.000000000000
   -0.481232315302    1.000000000000
   -0.116794928908    1.000000000000
   -0.210391342640    1.000000000000
    1.348509073257    1.000000000000
   -0.640707254410    1.000000000000
    0.259112447500    1.000000000000
    0.751473069191    1.000000000000
    0.366198629141    1.000000000000
    1.181293249130    1.000000000000
    0.712164342403    1.000000000000
   -0.267706423998    1.000000000000
   -0.923070192337    1.000000000000
    1.743193745613    1.000000000000
    0.799113631248    1.000000000000
    1.148154258728    1.000000000000
   -1.307302355766    1.000000000000
   -0.762075543404    1.000000000000
   -0.139267578721    1.000000000000
   -0.082021243870    1.000000000000
    2.431445121765    1.000000000000
   -0.698720157146    1.000000000000
   -0.382304847240    1.000000000000
    0.680480122566    1.000000000000
   -0.392472863197    1.000000000000
    0.331979155540    1.000000000000
    0.059199780226    1.000000000000
    0.033425651491    1.000000000000
    0.990148603916    1.000000000000
    0.121624752879    1.000000000000
   -0.035986710340    1.000000000000
    0.925265491009    1.000000000000
   -1.166321039200    1.000000000000
   -0.875593304634    1.000000000000
   -1.154165148735    1.000000000000
    1.019151926041    1.000000000000
    0.960462570190    1.000000000000
    1.556605935097    1.000000000000
    0.452285319567    1.000000000000
    1.055797100067    1.000000000000
   -0.026406522840    1.000000000000
   -0.199741885066    1.000000000000
   -0.041952729225    1.000000000000
    0.817499876022    1.000000000000
    1.088078737259    1.000000000000
   -0.071002773941    1.000000000000
    0.358406811953    1.000000000000
    0.118422292173    1.000000000000
    0.313192367554    1.000000000000
   -1.019226074219    1.000000000000
   -0.762624561787    1.000000000000
   -1.643878221512    1.000000000000
   -0.112790644169    1.000000000000
   -1.513582110405    1.000000000000
   -0.263386756182    1.000000000000
    1.587579369545    1.000000000000
    0.411941677332    1.000000000000
    1.507382631302    1.000000000000
    0.245263651013    1.000000000000
   -1.965437173843    1.000000000000
    0.268142700195    1.000000000000
    1.215370655060    1.000000000000
    1.799806833267    1.000000000000
   -3.373426675797    1.000000000000
   -0.237814322114    1.000000000000
   -0.003288442967    1.000000000000
   -0.530886948109    1.000000000000
    0.917490959167    1.000000000000
   -0.798365712166    1.000000000000
   -1.719914197922    1.000000000000
    0.300479382277    1.000000000000
    0.251287132502    1.000000000000
   -1.081166625023    1.000000000000
   -0.717765271664    1.000000000000
    0.875023603439    1.000000000000
    1.562908768654    1.000000000000
   -1.438688397408    1.000000000000
    0.343544930220    1.000000000000
   -0.389349907637    1.000000000000
    0.316987574100    1.000000000000
   -0.585070550442    1.000000000000
    2.696675300598    1.000000000000
    1.004784941673    1.000000000000
    0.270362198353    1.000000000000
   -0.193084850907    1.000000000000
   -1.005223035812    1.000000000000
    0.916403770447    1.000000000000
    0.066540278494    1.000000000000
    2.025337457657    1.000000000000
    0.725582957268    1.000000000000
    0.067725308239    1.000000000000
   -0.184289887547    1.000000000000
    0.871320664883    1.000000000000
    0.670195817947    1.000000000000
    0.308576643467    1.000000000000
   -0.172511175275    1.000000000000
   -0.455450683832    1.000000000000
   -1.717611908913    1.000000000000
   -0.024101527408    1.000000000000
   -1.492312312126    1.000000000000
   -0.555200457573    1.000000000000
   -1.648809790611    1.000000000000
    0.451944500208    1.000000000000
   -2.308979511261    1.000000000000
   -1.727746367455    1.000000000000
    1.356459259987    1.000000000000
    0.232978940010    1.000000000000
    0.421218544245    1.000000000000
   -1.634381771088    1.000000000000
    0.610806763172    1.000000000000
   -0.930851697922    1.000000000000
    1.250673055649    1.000000000000
    1.113922953606    1.000000000000
    0.787844300270    1.000000000000
   -0.566036224365    1.000000000000
   -1.632341146469    1.000000000000
    0.493146598339    1.000000000000
   -0.039895728230    1.000000000000
    1.130434632301    1.000000000000
   -1.246335983276    1.000000000000
   -0.591887891293    1.000000000000
   -1.132731199265    1.000000000000
   -0.376685678959    1.000000000000
    0.844712555408    1.000000000000
   -1.087211608887    1.000000000000
   -0.429775923491    1.000000000000
    2.620279550552    1.000000000000
   -1.191933274269    1.000000000000
   -0.208417534828    1.000000000000
    2.945525646210    1.000000000000
    0.048422392458    1.000000000000
    1.477669119835    1.000000000000
   -0.392034977674    1.000000000000
   -2.126907348633    1.000000000000
   -1.183125019073    1.000000000000
   -0.789351046085    1.000000000000
   -0.728171765804    1.000000000000
   -1.850239276886    1.000000000000
   -2.151822805405    1.000000000000
   -0.244659841061    1.000000000000
   -0.304449051619    1.000000000000
   -0.592470705509    1.000000000000
   -0.927697062492    1.000000000000
   -2.029579877853    1.000000000000
    0.934182941914    1.000000000000
   -1.138272404671    1.000000000000
    0.321029871702    1.000000000000
    0.183697730303    1.000000000000
   -0.122082494199    1.000000000000
    1.140434741974    1.000000000000
   -1.557649970055    1.000000000000
   -0.236152514815    1.000000000000
   -0.561246812344    1.000000000000
   -0.353567630053    1.000000000000
   -0.377176880836    1.000000000000
    0.672326207161    1.000000000000
   -1.178070068359    1.000000000000
   -2.168828725815    1.000000000000
   -0.857415616512    1.000000000000
   -0.190141424537    1.000000000000
    0.350702613592    1.000000000000
   -0.246558517218    1.000000000000
    1.782663941383    1.000000000000
   -0.798619508743    1.000000000000
   -1.181095719337    1.000000000000
   -0.526119530201    1.000000000000
    0.409021019936    1.000000000000
    0.078145772219    1.000000000000
   -1.085609555244    1.000000000000
    0.619516015053    1.000000000000
    0.583523452282    1.000000000000
    0.536370515823    1.000000000000
   -0.918438017368    1.000000000000
   -0.079116940498    1.000000000000
   -1.575222969055    1.000000000000
   -0.277385145426    1.000000000000
   -1.379948258400    1.000000000000
    0.114968575537    1.000000000000
    1.932372689247    1.000000000000
   -1.292294979095    1.000000000000
   -1.458403348923    1.000000000000
   -0.680977404118    1.000000000000
   -2.280625581741    1.000000000000
    1.021807551384    1.000000000000
   -1.415040373802    1.000000000000
   -1.410769820213    1.000000000000
   -0.537424206734    1.000000000000
    0.722471892834    1.000000000000
    0.754853069782    1.000000000000
   -0.195086687803    1.000000000000
    0.459086686373    1.000000000000
   -0.969744682312    1.000000000000
    1.146774888039    1.000000000000
   -0.963215410709    1.000000000000
    0.760255873203    1.000000000000
   -0.414122015238    1.000000000000
    0.334516227245    1.000000000000
   -0.786705970764    1.000000000000
    1.026770710945    1.000000000000
    0.430315881968    1.000000000000
   -0.013124269433    1.000000000000
    0.298242360353    1.000000000000
    1.009902834892    1.000000000000
   -0.177457615733    1.000000000000
   -0.356504440308    1.000000000000
   -0.604047417641    1.000000000000
   -0.216678664088    1.000000000000
   -0.941041946411    1.000000000000
   -0.318423718214    1.000000000000
    1.170883774757    1.000000000000
   -1.474277734756    1.000000000000
    0.870925486088    1.000000000000
   -0.445882797241    1.000000000000
   -0.556783974171    1.000000000000
   -0.664943814278    1.000000000000
   -0.235182508826    1.000000000000
    0.747024595737    1.000000000000
   -0.004310918506    1.000000000000
   -0.878781914711    1.000000000000
   -0.676480114460    1.000000000000
   -0.191676110029    1.000000000000
    0.056377530098    1.000000000000
    0.779272973537    1.000000000000
    0.580524802208    1.000000000000
   -0.945718646049    1.000000000000
   -0.616408824921    1.000000000000
   -1.432860255241    1.000000000000
   -0.770149588585    1.000000000000
   -0.787427604198    1.000000000000
   -0.090750455856    2.000000000000
    1.235531449318    2.000000000000
    0.681199908257    2.000000000000
    2.253376007080    2.000000000000
    1.019491910934    2.000000000000
   -0.620509147644    2.000000000000
   -1.000077128410    2.000000000000
    2.169711112976    2.000000000000
    0.456484377384    2.000000000000
    1.284835577011    2.000000000000
    0.911240816116    2.000000000000
    1.612702965736    2.000000000000
    1.819678664207    2.000000000000
    2.627574920654    2.000000000000
   -0.599044203758    2.000000000000
   -0.505877256393    2.000000000000
   -0.115836739540    2.000000000000
    1.626825094223    2.000000000000
    1.340326786041    2.000000000000
    0.270249933004    2.000000000000
    0.849936306477    2.000000000000
    0.186834037304    2.000000000000
    1.543687701225    2.000000000000
    1.400046586990    2.000000000000
    0.933645486832    2.000000000000
    0.477263301611    2.000000000000
    0.979033350945    2.000000000000
    0.185148835182    2.000000000000
    1.284883975983    2.000000000000
    0.781663417816    2.000000000000
   -0.839524030685    2.000000000000
    1.980173826218    2.000000000000
    1.041555881500    2.000000000000
    1.483829259872    2.000000000000
    2.182113647461    2.000000000000
    1.150611877441    2.000000000000
    0.303991854191    2.000000000000
   -0.340776383877    2.000000000000
   -0.665299534798    2.000000000000
   -0.483595013618    2.000000000000
    0.488237261772    2.000000000000
    0.750128865242    2.000000000000
   -0.737563610077    2.000000000000
    1.866882324219    2.000000000000
    1.141175985336    2.000000000000
    1.871764779091    2.000000000000
    2.144786357880    2.000000000000
   -0.821206927299    2.000000000000
    0.804135143757    2.000000000000
    0.097555577755    2.000000000000
    0.533571183681    2.000000000000
    1.976720571518    2.000000000000
   -0.991759419441    2.000000000000
    2.164099216461    2.000000000000
    0.175656020641    2.000000000000
   -0.814538478851    2.000000000000
    2.664671659470    2.000000000000
   -0.027992248535    2.000000000000
   -0.145839452744    2.000000000000
   -0.239535689354    2.000000000000
    1.076040744781    2.000000000000
    0.295384466648    2.000000000000
    1.162663698196    2.000000000000
    0.230370104313    2.000000000000
    0.113214433193    2.000000000000
    1.021439909935    2.000000000000
    0.923860371113    2.000000000000
    0.735607147217    2.000000000000
    0.350260943174    2.000000000000
    0.593152165413    2.000000000000
    0.694395244122    2.000000000000
    2.113014698029    2.000000000000
    1.201964378357    2.000000000000
    1.655997633934    2.000000000000
    0.018201380968    2.000000000000
   -1.036976695061    2.000000000000
    2.819938421249    2.000000000000
    0.371500849724    2.000000000000
    0.101285099983    2.000000000000
   -0.381486654282    2.000000000000
    0.595156669617    2.000000000000
   -0.200493097305    2.000000000000
    0.737171173096    2.000000000000
    1.259582042694    2.000000000000
    1.415797114372    2.000000000000
    1.489648342133    2.000000000000
    1.095501899719    2.000000000000
   -0.082061529160    2.000000000000
    2.833989620209    2.000000000000
   -1.576614141464    2.000000000000
   -0.549884319305    2.000000000000
   -0.236060321331    2.000000000000
   -1.029177904129    2.000000000000
    0.734320700169    2.000000000000
    0.819461166859    2.000000000000
   -1.316980004311    2.000000000000
   -0.895146250725    2.000000000000
    1.621098637581    2.000000000000
   -2.186012506485    2.000000000000
    0.551802992821    2.000000000000
    0.214993596077    2.000000000000
   -0.670283198357    2.000000000000
    0.735808551311    2.000000000000
   -0.332252740860    2.000000000000
    1.157670021057    2.000000000000
    0.886870503426    2.000000000000
    0.710873126984    2.000000000000
    0.457423985004    2.000000000000
   -0.701847195625    2.000000000000
   -0.035097301006    2.000000000000
   -0.177965819836    2.000000000000
    1.071404457092    2.000000000000
   -1.029944300652    2.000000000000
    0.256026566029    2.000000000000
    0.671267032623    2.000000000000
    0.607315480709    2.000000000000
    2.257385015488    2.000000000000
    0.700098276138    2.000000000000
    0.366912782192    2.000000000000
    0.565490901470    2.000000000000
    0.441406786442    2.000000000000
    1.443551778793    2.000000000000
    1.435469388962    2.000000000000
   -0.447443783283    2.000000000000
    2.170741081238    2.000000000000
   -0.088428020477    2.000000000000
   -0.997037649155    2.000000000000
   -1.447449803352    2.000000000000
    1.063559412956    2.000000000000
    0.939261794090    2.000000000000
    0.139096885920    2.000000000000
    3.227987766266    2.000000000000
   -0.457030475140    2.000000000000
   -0.105596899986    2.000000000000
   -0.865566730499    2.000000000000
    1.734751939774    2.000000000000
   -0.346549868584    2.000000000000
   -0.042834699154    2.000000000000
    1.788240909576    2.000000000000
    0.980668187141    2.000000000000
   -0.321927785873    2.000000000000
    1.425342679024    2.000000000000
    0.140885621309    2.000000000000
    0.696361064911    2.000000000000
    0.657608509064    2.000000000000
    1.269269943237    2.000000000000
   -0.265298306942    2.000000000000
    0.709477484226    2.000000000000
    0.625865399837    2.000000000000
    0.399054467678    2.000000000000
    0.469874233007    2.000000000000
    1.455192327499    2.000000000000
    0.004195183516    2.000000000000
    0.310759961605    2.000000000000
    0.207807540894    2.000000000000
    0.950343966484    2.000000000000
   -0.567270636559    2.000000000000
    1.124365091324    2.000000000000
   -0.629431009293    2.000000000000
    0.289628446102    2.000000000000
    0.313282966614    2.000000000000
    0.740703225136    2.000000000000
   -0.336816728115    2.000000000000
    0.760508298874    2.000000000000
    1.219859004021    2.000000000000
   -1.294858813286    2.000000000000
    0.663408696651    2.000000000000
   -0.114109516144    2.000000000000
    2.005312919617    2.000000000000
   -0.140123665333    2.000000000000
    1.684362530708    2.000000000000
    0.417668223381    2.000000000000
    0.295231431723    2.000000000000
    0.397225081921    2.000000000000
    0.734165906906    2.000000000000
    1.715560913086    2.000000000000
   -1.498940944672    2.000000000000
    0.264313817024    2.000000000000
    0.739898264408    2.000000000000
   -0.574317455292    2.000000000000
    0.896022021770    2.000000000000
    0.968721270561    2.000000000000
   -0.703182101250    2.000000000000
   -0.401312112808    2.000000000000
    1.560116410255    2.000000000000
   -1.402598142624    2.000000000000
    1.929607033730    2.000000000000
    2.427575588226    2.000000000000
    1.916085720062    2.000000000000
    0.170932561159    2.000000000000
    0.819231688976    2.000000000000
   -0.423564910889    2.000000000000
    0.667138338089    2.000000000000
    1.372046947479    2.000000000000
   -0.275490045547    2.000000000000
   -0.336534380913    2.000000000000
   -1.109049558640    2.000000000000
    0.170409679413    2.000000000000
    1.229771614075    2.000000000000
   -0.530729293823    2.000000000000
    0.819237589836    2.000000000000
   -0.238813638687    2.000000000000
    0.667818069458    2.000000000000
    0.382043182850    2.000000000000
   -1.021687269211    2.000000000000
    0.240106463432    2.000000000000
   -1.246909260750    2.000000000000
    1.380980253220    2.000000000000
    0.664953708649    2.000000000000
   -0.724419832230    2.000000000000
    0.373430997133    2.000000000000
    2.023346900940    2.000000000000
    0.392201840878    2.000000000000
   -0.189413845539    2.000000000000
    0.851794123650    2.000000000000
    0.676226794720    2.000000000000
    0.894515872002    2.000000000000
   -0.131084978580    2.000000000000
   -0.285470545292    2.000000000000
    0.185975939035    2.000000000000
    0.462291538715    2.000000000000
    1.053903937340    2.000000000000
    0.852399230003    2.000000000000
   -0.117611348629    2.000000000000
   -0.444533646107    2.000000000000
    0.601056933403    2.000000000000
    0.232648879290    2.000000000000
    0.785502791405    2.000000000000
    1.808334589005    2.000000000000
   -0.148364722729    2.000000000000
   -0.461615681648    2.000000000000
    2.214046478271    2.000000000000
    1.162984013557    2.000000000000
    1.374647378922    2.000000000000
   -0.473527431488    2.000000000000
   -1.114866852760    2.000000000000
    1.332741498947    2.000000000000
    0.092364639044    2.000000000000
    2.160495996475    2.000000000000
    0.247622907162    2.000000000000
    0.186436623335    2.000000000000
    1.280277132988    2.000000000000
   -0.395228147507    2.000000000000
    1.254945993423    2.000000000000
    1.244621515274    2.000000000000
   -0.782451391220    2.000000000000
   -2.311173200607    2.000000000000
    2.644748687744    2.000000000000
   -0.092560589314    2.000000000000
    2.052881479263    2.000000000000
   -1.555396556854    2.000000000000
    2.082747459412    2.000000000000
    0.382117420435    2.000000000000
    0.678858280182    2.000000000000
   -0.037865936756    2.000000000000
    0.669368505478    2.000000000000
    1.782006621361    2.000000000000
    0.473226189613    2.000000000000
    1.336417675018    2.000000000000
    0.423108428717    2.000000000000
    1.697271823883    2.000000000000
   -0.216411352158    2.000000000000
    0.739433586597    2.000000000000
   -1.497982144356    2.000000000000
    0.783998131752    2.000000000000
    0.882697880268    2.000000000000
    0.972875118256    2.000000000000
    0.364255011082    2.000000000000
   -1.424028754234    2.000000000000
    2.435412406921    2.000000000000
    0.559906899929    2.000000000000
    0.842871069908    2.000000000000
    1.012250900269    2.000000000000
    0.101757645607    2.000000000000
    0.510041892529    2.000000000000
   -0.072012424469    2.000000000000
   -0.368510723114    2.000000000000
    0.984274506569    2.000000000000
   -0.362574398518    2.000000000000
    2.012427330017    2.000000000000
    0.170333355665    2.000000000000
    1.702618956566    2.000000000000
    0.047266662121    2.000000000000
    1.092252016068    2.000000000000
   -0.675404906273    2.000000000000
    2.124292850494    2.000000000000
    1.812107563019    2.000000000000
    0.066656649113    2.000000000000
    0.506518185139    2.000000000000
    1.840854048729    2.000000000000
   -0.106378376484    2.000000000000
   -1.652022361755    2.000000000000
    1.681214928627    2.000000000000
   -0.181477248669    2.000000000000
   -0.578668236732    2.000000000000
   -1.005156636238    2.000000000000
   -0.949514746666    2.000000000000
    0.384098172188    2.000000000000
    0.149347037077    2.000000000000
   -1.081400513649    2.000000000000
   -1.257726788521    2.000000000000
    1.648454904556    2.000000000000
    1.143400549889    2.000000000000
   -0.234862029552    2.000000000000
    0.494683384895    2.000000000000
   -0.017679929733    2.000000000000
    0.252878069878    2.000000000000
   -0.712561130524    2.000000000000
    2.920706272125    2.000000000000
    0.684855103493    2.000000000000
   -0.473682940006    2.000000000000
    0.021332800388    2.000000000000
    1.111030220985    2.000000000000
   -0.714441776276    2.000000000000
    1.333822250366    2.000000000000
   -0.203384101391    2.000000000000
    2.151845932007    2.000000000000
    1.636439085007    2.000000000000
    0.587169468403    2.000000000000
   -0.340859055519    2.000000000000
    1.664914131165    2.000000000000
   -0.711702704430    2.000000000000
    0.665090441704    2.000000000000
    0.368799984455    2.000000000000
    1.604565262794    2.000000000000
    2.509027242661    2.000000000000
   -2.548479795456    2.000000000000
    1.234565138817    2.000000000000
    1.698755502701    2.000000000000
    0.985024690628    2.000000000000
    0.974127173424    2.000000000000
    1.839098811150    2.000000000000
    0.232151329517    2.000000000000
    0.574719548225    2.000000000000
   -0.574212193489    2.000000000000
    0.216620922089    2.000000000000
   -0.408509075642    2.000000000000
    0.001878917217    2.000000000000
    1.576522707939    2.000000000000
    0.825903296471    2.000000000000
    0.676180243492    2.000000000000
   -0.182360827923    2.000000000000
    0.676049232483    2.000000000000
    0.299295127392    2.000000000000
    1.044682979584    2.000000000000
    0.737272441387    2.000000000000
    0.632232189178    2.000000000000
   -0.177113294601    2.000000000000
    1.401707172394    2.000000000000
    0.266523778439    2.000000000000
    1.840963602066    2.000000000000
   -1.374007821083    2.000000000000
    0.218991219997    2.000000000000
    0.452648341656    2.000000000000
    1.238082289696    2.000000000000
   -1.719301223755    2.000000000000
    0.908346533775    2.000000000000
    0.870679736137    2.000000000000
    1.153391599655    2.000000000000
    0.969305872917    2.000000000000
    0.334607839584    2.000000000000
   -0.010207593441    2.000000000000
    0.200663805008    2.000000000000
    0.597987294197    2.000000000000
    1.095319628716    2.000000000000
   -0.377417445183    2.000000000000
    1.810834527016    2.000000000000
    0.460901081562    2.000000000000
    1.875126600266    2.000000000000
   -0.307237982750    2.000000000000
    1.730515718460    2.000000000000
    1.568258166313    2.000000000000
   -0.819259762764    2.000000000000
   -0.492700040340    2.000000000000
    0.068945407867    2.000000000000
    0.634530663490    2.000000000000
   -0.138186335564    2.000000000000
    0.709990024567    2.000000000000
   -0.083104968071    2.000000000000
    1.382839322090    2.000000000000
   -0.073218226433    2.000000000000
    0.030932366848    2.000000000000
   -1.171524047852    2.000000000000
    1.331180453300    2.000000000000
   -0.017337381840    2.000000000000
   -0.290234029293    2.000000000000
    2.621117830276    2.000000000000
    0.259269237518    2.000000000000
   -0.000517547131    2.000000000000
    1.118979692459    2.000000000000
    0.328812003136    2.000000000000
    0.624703764915    2.000000000000
    0.044652700424    2.000000000000
    0.586130797863    2.000000000000
    1.161620974541    2.000000000000
    0.100400984287    2.000000000000
    3.268222808838    2.000000000000
   -0.465283870697    2.000000000000
   -0.449432790279    2.000000000000
   -0.678294777870    2.000000000000
   -0.609258413315    2.000000000000
   -2.119750022888    2.000000000000
    0.138944149017    2.000000000000
   -0.150494992733    2.000000000000
    1.568445205688    2.000000000000
    0.874845921993    2.000000000000
    1.694528698921    2.000000000000
   -0.274143755436    2.000000000000
   -1.128273010254    2.000000000000
    0.582248687744    2.000000000000
    1.672266364098    2.000000000000
    0.587005496025    2.000000000000
    0.489872843027    2.000000000000
    0.470022141933    2.000000000000
    1.398772478104    2.000000000000
    0.202214837074    2.000000000000
    0.332007467747    2.000000000000
   -0.709988594055    2.000000000000
   -0.631675362587    2.000000000000
    1.384858369827    2.000000000000
    0.886555671692    2.000000000000
   -0.869267344475    2.000000000000
   -0.245622754097    2.000000000000
    1.718882441521    2.000000000000
    0.975577235222    2.000000000000
    1.370540142059    2.000000000000
    3.371236085892    2.000000000000
    0.478360265493    2.000000000000
   -1.248056292534    2.000000000000
    1.144328832626    2.000000000000
    0.937586367130    2.000000000000
    0.457400262356    2.000000000000
    1.478787541389    2.000000000000
   -0.518740177155    2.000000000000
    1.587050795555    2.000000000000
    0.642079234123    2.000000000000
    1.296454191208    2.000000000000
    0.031723380089    2.000000000000
    0.578704059124    2.000000000000
    2.158944129944    2.000000000000
    0.629444718361    2.000000000000
    1.357889652252    2.000000000000
   -0.703233003616    2.000000000000
   -0.823779702187    2.000000000000
    0.684631466866    2.000000000000
    0.395754933357    2.000000000000
   -0.309564054012    2.000000000000
    1.452712297440    2.000000000000
    0.275709450245    2.000000000000
    1.587597250938    2.000000000000
   -0.293035686016    2.000000000000
   -2.016840934753    2.000000000000
   -0.477183580399    2.000000000000
    0.631953716278    2.000000000000
    0.110609322786    2.000000000000
    0.769946455956    2.000000000000
    0.827780306339    2.000000000000
   -1.671547412872    2.000000000000
    1.162492990494    2.000000000000
    0.509732663631    2.000000000000
   -0.230225443840    2.000000000000
    0.692834377289    2.000000000000
    0.904523730278    2.000000000000
   -1.294882655144    2.000000000000
   -0.866319417953    2.000000000000
    0.479601055384    2.000000000000
    0.566122770309    2.000000000000
    1.373730182648    2.000000000000
    2.479176521301    2.000000000000
   -0.196622550488    2.000000000000
   -0.460264801979    2.000000000000
    1.154080152512    2.000000000000
    0.268200397491    2.000000000000
    1.141486525536    2.000000000000
    1.871733546257    2.000000000000
   -0.696819543839    2.000000000000
    1.212520956993    2.000000000000
    0.999939441681    2.000000000000
   -0.193360567093    2.000000000000
    0.345538854599    2.000000000000
    1.479025006294    2.000000000000
    0.296611905098    2.000000000000
    0.519182443619    2.000000000000
    0.230817973614    2.000000000000
   -0.752807736397    2.000000000000
    1.951883792877    2.000000000000
    0.759646892548    2.000000000000
    2.065705537796    2.000000000000
    0.239134818316    2.000000000000
    1.475010633469    2.000000000000
   -0.283919334412    2.000000000000
   -0.332555532455    2.000000000000
   -0.571995258331    2.000000000000
    1.536950469017    2.000000000000
   -1.072741150856    2.000000000000
    0.267341673374    2.000000000000
    2.324293375015    2.000000000000
   -1.686395883560    2.000000000000
    1.570559620857    2.000000000000
    2.080018520355    2.000000000000
