   -0.768170893192    1.000000000000
    0.474081933498    1.000000000000
   -1.037743210793    1.000000000000
    0.568053185940    1.000000000000
   -0.866683840752    1.000000000000
    1.788818478584    1.000000000000
    0.360996901989    1.000000000000
    1.330129146576    1.000000000000
   -0.003499513958    1.000000000000
    1.194009661674    1.000000000000
    0.624029874802    1.000000000000
    0.399071455002    1.000000000000
    1.075470328331    1.000000000000
    0.648986339569    1.000000000000
    0.249695688486    1.000000000000
   -0.306897521019    1.000000000000
    2.371187210083    1.000000000000
   -0.312793076038    1.000000000000
    0.370801180601    1.000000000000
    0.861541509628    1.000000000000
   -1.286288738251    1.000000000000
    0.108247399330    1.000000000000
   -1.502608299255    1.000000000000
    0.625929951668    1.000000000000
   -0.036518525332    1.000000000000
    0.689584791660    1.000000000000
    0.428348183632    1.000000000000
   -0.040368612856    1.000000000000
    0.406050622463    1.000000000000
    0.664557874203    1.000000000000
    0.877425849438    1.000000000000
    0.903103291988    1.000000000000
    0.217539891601    1.000000000000
    0.142731368542    1.000000000000
   -1.586637139320    1.000000000000
   -0.745505154133    1.000000000000
    0.124917149544    1.000000000000
    0.195325851440    1.000000000000
    0.556980848312    1.000000000000
    0.692643940449    1.000000000000
    0.426592767239    1.000000000000
   -0.494677603245    1.000000000000
    1.600332140923    1.000000000000
   -1.961265325546    1.000000000000
    1.462543129921    1.000000000000
   -1.017972826958    1.000000000000
   -1.659802198410    1.000000000000
    1.786722302437    1.000000000000
   -0.295556694269    1.000000000000
    1.180109143257    1.000000000000
    0.008257544599    1.000000000000
   -0.501925408840    1.000000000000
    1.080705523491    1.000000000000
   -0.321529835463    1.000000000000
    0.556999623775    1.000000000000
   -0.149731591344    1.000000000000
    1.325583696365    1.000000000000
   -1.033738493919    1.000000000000
   -0.735714495182    1.000000000000
   -0.701836287975    1.000000000000
   -0.486331731081    1.000000000000
   -0.290296405554    1.000000000000
   -2.509449005127    1.000000000000
   -0.129618152976    1.000000000000
    0.934846162796    1.000000000000
   -0.933901727200    1.000000000000
   -0.400016516447    1.000000000000
   -0.728476703167    1.000000000000
    0.030918169767    1.000000000000
    0.869807004929    1.000000000000
    1.066052794456    1.000000000000
    0.541292786598    1.000000000000
   -0.314907461405    1.000000000000
    0.202589705586    1.000000000000
    0.171231746674    1.000000000000
    0.423943698406    1.000000000000
   -1.008829355240    1.000000000000
    0.909435212612    1.000000000000
   -0.185087502003    1.000000000000
   -0.315264195204    1.000000000000
   -0.984719812870    1.000000000000
    0.806632697582    1.000000000000
    1.013427019119    1.000000000000
    0.904112756252    1.000000000000
    1.760939121246    1.000000000000
    2.141621351242    1.000000000000
   -1.111889958382    1.000000000000
   -0.225666403770    1.000000000000
   -1.458730459213    1.000000000000
    0.437350064516    1.000000000000
   -1.249927997589    1.000000000000
    2.383663415909    1.000000000000
   -0.262588471174    1.000000000000
    1.487212777138    1.000000000000
    0.397475510836    1.000000000000
    1.947359204292    1.000000000000
    0.274743855000    1.000000000000
   -0.731632053852    1.000000000000
   -0.627921164036    1.000000000000
   -1.402828097343    1.000000000000
    0.799558222294    1.000000000000
    0.956223011017    1.000000000000
    0.392194598913    1.000000000000
   -0.718537688255    1.000000000000
   -0.247036799788    1.000000000000
    0.588521301746    1.000000000000
    0.940102636814    1.000000000000
    0.229506239295    1.000000000000
   -2.134048223495    1.000000000000
    0.273235410452    1.000000000000
    0.425242275000    1.000000000000
    0.790384769440    1.000000000000
   -1.517615437508    1.000000000000
    0.662940621376    1.000000000000
   -0.059290464967    1.000000000000
    0.775653302670    1.000000000000
    0.721535503864    1.000000000000
   -0.854387640953    1.000000000000
    1.684589862823    1.000000000000
   -0.522772014141    1.000000000000
    0.106798194349    1.000000000000
   -0.939361929893    1.000000000000
    0.854198217392    1.000000000000
    0.117571413517    1.000000000000
    0.792187094688    1.000000000000
   -0.053880073130    1.000000000000
    0.920016229153    1.000000000000
    1.163956522942    1.000000000000
   -1.228489279747    1.000000000000
   -1.109507560730    1.000000000000
   -0.480185329914    1.000000000000
    0.941760480404    1.000000000000
    0.736812114716    1.000000000000
    0.456909835339    1.000000000000
   -0.082986705005    1.000000000000
   -0.251015067101    1.000000000000
    0.085861578584    1.000000000000
    1.050799489021    1.000000000000
   -0.459668993950    1.000000000000
    0.685057818890    1.000000000000
    0.147665992379    1.000000000000
    0.165309727192    1.000000000000
    0.211371108890    1.000000000000
    0.276961147785    1.000000000000
    0.823076009750    1.000000000000
    0.468576818705    1.000000000000
   -0.331233501434    1.000000000000
    0.032200500369    1.000000000000
    0.220456197858    1.000000000000
   -0.178340107203    1.000000000000
   -0.862154304981    1.000000000000
   -0.104452066123    1.000000000000
    0.483050853014    1.000000000000
   -0.505918085575    1.000000000000
   -0.181926280260    1.000000000000
    1.192643284798    1.000000000000
   -1.589942932129    1.000000000000
   -1.311300873756    1.000000000000
    0.322814047337    1.000000000000
   -0.322034299374    1.000000000000
   -1.445556640625    1.000000000000
    0.695231676102    1.000000000000
   -1.447912573814    1.000000000000
    0.345843613148    1.000000000000
    1.580034136772    1.000000000000
   -0.784714400768    1.000000000000
   -0.788895845413    1.000000000000
    0.491430580616    1.000000000000
    0.937279999256    1.000000000000
    1.029959440231    1.000000000000
   -1.375809669495    1.000000000000
   -1.428860187531    1.000000000000
   -0.332149684429    1.000000000000
    1.819913864136    1.000000000000
   -0.068432226777    1.000000000000
    1.007037639618    1.000000000000
   -1.106089234352    1.000000000000
    0.468473792076    1.000000000000
   -0.947900056839    1.000000000000
    0.589388430119    1.000000000000
    0.068935573101    1.000000000000
   -0.114925175905    1.000000000000
    0.015790207312    1.000000000000
   -1.718052983284    1.000000000000
   -0.459423929453    1.000000000000
   -2.174035072327    1.000000000000
    0.625751614571    1.000000000000
   -0.122665457428    1.000000000000
    0.697129845619    1.000000000000
   -0.834360241890    1.000000000000
   -2.128278970718    1.000000000000
    0.153383731842    1.000000000000
   -0.261484831572    1.000000000000
   -0.300958216190    1.000000000000
    0.915149629116    1.000000000000
    1.978523612022    1.000000000000
    0.137283965945    1.000000000000
    0.060921888798    1.000000000000
   -1.387605309486    1.000000000000
   -0.563030421734    1.000000000000
   -0.430449247360    1.000000000000
    0.810839712620    1.000000000000
    0.499808818102    1.000000000000
   -0.859540641308    1.000000000000
   -0.280897408724    1.000000000000
    0.988576173782    1.000000000000
    0.254047632217    1.000000000000
    2.016471385956    1.000000000000
    0.627085983753    1.000000000000
    1.415658831596    1.000000000000
    1.251417398453    1.000000000000
   -0.671782672405    1.000000000000
   -0.260683685541    1.000000000000
    0.439741134644    1.000000000000
    0.375162154436    1.000000000000
    0.469229936600    1.000000000000
   -0.995052635670    1.000000000000
    0.457726299763    1.000000000000
   -2.421055078506    1.000000000000
   -1.483642935753    1.000000000000
    0.254199385643    1.000000000000
    0.521883249283    1.000000000000
   -0.487083852291    1.000000000000
    1.941472768784    1.000000000000
    0.217387467623    1.000000000000
   -0.401467353106    1.000000000000
   -1.898483037949    1.000000000000
    0.755321443081    1.000000000000
    1.936486124992    1.000000000000
    2.022755384445    1.000000000000
   -0.096364304423    1.000000000000
    1.712274670601    1.000000000000
    0.344320744276    1.000000000000
   -0.912626981735    1.000000000000
    0.432714879513    1.000000000000
    1.949787259102    1.000000000000
    0.666624963284    1.000000000000
    1.347128629684    1.000000000000
   -1.228014588356    1.000000000000
    0.441916376352    1.000000000000
    1.865619063377    1.000000000000
   -1.218244671822    1.000000000000
   -0.830164432526    1.000000000000
   -0.829018831253    1.000000000000
   -0.154751971364    1.000000000000
   -0.798811614513    1.000000000000
   -0.290414035320    1.000000000000
    0.342693299055    1.000000000000
    0.453830063343    1.000000000000
   -0.944292187691    1.000000000000
   -0.025519683957    1.000000000000
   -0.227765351534    1.000000000000
   -1.167626380920    1.000000000000
    1.171147346497    1.000000000000
   -1.725721359253    1.000000000000
    0.224203944206    1.000000000000
   -1.473972558975    1.000000000000
   -0.432125508785    1.000000000000
    0.269194960594    1.000000000000
   -1.081320524216    1.000000000000
    1.593791127205    1.000000000000
    1.218399047852    1.000000000000
   -0.429017305374    1.000000000000
    1.503225326538    1.000000000000
    1.820120692253    1.000000000000
   -1.188898444176    1.000000000000
   -0.609345734119    1.000000000000
    1.764102578163    1.000000000000
   -0.685182869434    1.000000000000
   -0.207251042128    1.000000000000
    1.144302725792    1.000000000000
    0.655835092068    1.000000000000
   -0.481232315302    1.000000000000
   -0.116794928908    1.000000000000
   -0.210391342640    1.000000000000
    1.348509073257    1.000000000000
   -0.640707254410    1.000000000000
    0.259112447500    1.000000000000
    0.751473069191    1.000000000000
    0.366198629141    1.000000000000
    1.181293249130    1.000000000000
    0.712164342403    1.000000000000
   -0.267706423998    1.000000000000
   -0.923070192337    1.000000000000
    1.743193745613    1.000000000000
    0.799113631248    1.000000000000
    1.148154258728    1.000000000000
   -1.307302355766    1.000000000000
   -0.762075543404    1.000000000000
   -0.139267578721    1.000000000000
   -0.082021243870    1.000000000000
    2.431445121765    1.000000000000
   -0.698720157146    1.000000000000
   -0.382304847240    1.000000000000
    0.680480122566    1.000000000000
   -0.392472863197    1.000000000000
    0.331979155540    1.000000000000
    0.059199780226    1.000000000000
    0.033425651491    1.000000000000
    0.990148603916    1.000000000000
    0.121624752879    1.000000000000
   -0.035986710340    1.000000000000
    0.925265491009    1.000000000000
   -1.166321039200    1.000000000000
   -0.875593304634    1.000000000000
   -1.154165148735    1.000000000000
    1.019151926041    1.000000000000
    0.960462570190    1.000000000000
    1.556605935097    1.000000000000
    0.452285319567    1.000000000000
    1.055797100067    1.000000000000
   -0.026406522840    1.000000000000
   -0.199741885066    1.000000000000
   -0.041952729225    1.000000000000
    0.817499876022    1.000000000000
    1.088078737259    1.000000000000
   -0.071002773941    1.000000000000
    0.358406811953    1.000000000000
    0.118422292173    1.000000000000
    0.313192367554    1.000000000000
   -1.019226074219    1.000000000000
   -0.762624561787    1.000000000000
   -1.643878221512    1.000000000000
   -0.112790644169    1.000000000000
   -1.513582110405    1.000000000000
   -0.263386756182    1.000000000000
    1.587579369545    1.000000000000
    0.411941677332    1.000000000000
    1.507382631302    1.000000000000
    0.245263651013    1.000000000000
   -1.965437173843    1.000000000000
    0.268142700195    1.000000000000
    1.215370655060    1.000000000000
    1.799806833267    1.000000000000
   -3.373426675797    1.000000000000
   -0.237814322114    1.000000000000
   -0.003288442967    1.000000000000
   -0.530886948109    1.000000000000
    0.917490959167    1.000000000000
   -0.798365712166    1.000000000000
   -1.719914197922    1.000000000000
    0.300479382277    1.000000000000
    0.251287132502    1.000000000000
   -1.081166625023    1.000000000000
   -0.717765271664    1.000000000000
    0.875023603439    1.000000000000
    1.562908768654    1.000000000000
   -1.438688397408    1.000000000000
    0.343544930220    1.000000000000
   -0.389349907637    1.000000000000
    0.316987574100    1.000000000000
   -0.585070550442    1.000000000000
    2.696675300598    1.000000000000
    1.004784941673    1.000000000000
    0.270362198353    1.000000000000
   -0.193084850907    1.000000000000
   -1.005223035812    1.000000000000
    0.916403770447    1.000000000000
    0.066540278494    1.000000000000
    2.025337457657    1.000000000000
    0.725582957268    1.000000000000
    0.067725308239    1.000000000000
   -0.184289887547    1.000000000000
    0.871320664883    1.000000000000
    0.670195817947    1.000000000000
    0.308576643467    1.000000000000
   -0.172511175275    1.000000000000
   -0.455450683832    1.000000000000
   -1.717611908913    1.000000000000
   -0.024101527408    1.000000000000
   -1.492312312126    1.000000000000
   -0.555200457573    1.000000000000
   -1.648809790611    1.000000000000
    0.451944500208    1.000000000000
   -2.308979511261    1.000000000000
   -1.727746367455    1.000000000000
    1.356459259987    1.000000000000
    0.232978940010    1.000000000000
    0.421218544245    1.000000000000
   -1.634381771088    1.000000000000
    0.610806763172    1.000000000000
   -0.930851697922    1.000000000000
    1.250673055649    1.000000000000
    1.113922953606    1.000000000000
    0.787844300270    1.000000000000
   -0.566036224365    1.000000000000
   -1.632341146469    1.000000000000
    0.493146598339    1.000000000000
   -0.039895728230    1.000000000000
    1.130434632301    1.000000000000
   -1.246335983276    1.000000000000
   -0.591887891293    1.000000000000
   -1.132731199265    1.000000000000
   -0.376685678959    1.000000000000
    0.844712555408    1.000000000000
   -1.087211608887    1.000000000000
   -0.429775923491    1.000000000000
    2.620279550552    1.000000000000
   -1.191933274269    1.000000000000
   -0.208417534828    1.000000000000
    2.945525646210    1.000000000000
    0.048422392458    1.000000000000
    1.477669119835    1.000000000000
   -0.392034977674    1.000000000000
   -2.126907348633    1.000000000000
   -1.183125019073    1.000000000000
   -0.789351046085    1.000000000000
   -0.728171765804    1.000000000000
   -1.850239276886    1.000000000000
   -2.151822805405    1.000000000000
   -0.244659841061    1.000000000000
   -0.304449051619    1.000000000000
   -0.592470705509    1.000000000000
   -0.927697062492    1.000000000000
   -2.029579877853    1.000000000000
    0.934182941914    1.000000000000
   -1.138272404671    1.000000000000
    0.321029871702    1.000000000000
    0.183697730303    1.000000000000
   -0.122082494199    1.000000000000
    1.140434741974    1.000000000000
   -1.557649970055    1.000000000000
   -0.236152514815    1.000000000000
   -0.561246812344    1.000000000000
   -0.353567630053    1.000000000000
   -0.377176880836    1.000000000000
    0.672326207161    1.000000000000
   -1.178070068359    1.000000000000
   -2.168828725815    1.000000000000
   -0.857415616512    1.000000000000
   -0.190141424537    1.000000000000
    0.350702613592    1.000000000000
   -0.246558517218    1.000000000000
    1.782663941383    1.000000000000
   -0.798619508743    1.000000000000
   -1.181095719337    1.000000000000
   -0.526119530201    1.000000000000
    0.409021019936    1.000000000000
    0.078145772219    1.000000000000
   -1.085609555244    1.000000000000
    0.619516015053    1.000000000000
    0.583523452282    1.000000000000
    0.536370515823    1.000000000000
   -0.918438017368    1.000000000000
   -0.079116940498    1.000000000000
   -1.575222969055    1.000000000000
   -0.277385145426    1.000000000000
   -1.379948258400    1.000000000000
    0.114968575537    1.000000000000
    1.932372689247    1.000000000000
   -1.292294979095    1.000000000000
   -1.458403348923    1.000000000000
   -0.680977404118    1.000000000000
   -2.280625581741    1.000000000000
    1.021807551384    1.000000000000
   -1.415040373802    1.000000000000
   -1.410769820213    1.000000000000
   -0.537424206734    1.000000000000
    0.722471892834    1.000000000000
    0.754853069782    1.000000000000
   -0.195086687803    1.000000000000
    0.459086686373    1.000000000000
   -0.969744682312    1.000000000000
    1.146774888039    1.000000000000
   -0.963215410709    1.000000000000
    0.760255873203    1.000000000000
   -0.414122015238    1.000000000000
    0.334516227245    1.000000000000
   -0.786705970764    1.000000000000
    1.026770710945    1.000000000000
    0.430315881968    1.000000000000
   -0.013124269433    1.000000000000
    0.298242360353    1.000000000000
    1.009902834892    1.000000000000
   -0.177457615733    1.000000000000
   -0.356504440308    1.000000000000
   -0.604047417641    1.000000000000
   -0.216678664088    1.000000000000
   -0.941041946411    1.000000000000
   -0.318423718214    1.000000000000
    1.170883774757    1.000000000000
   -1.474277734756    1.000000000000
    0.870925486088    1.000000000000
   -0.445882797241    1.000000000000
   -0.556783974171    1.000000000000
   -0.664943814278    1.000000000000
   -0.235182508826    1.000000000000
    0.747024595737    1.000000000000
   -0.004310918506    1.000000000000
   -0.878781914711    1.000000000000
   -0.676480114460    1.000000000000
   -0.191676110029    1.000000000000
    0.056377530098    1.000000000000
    0.779272973537    1.000000000000
    0.580524802208    1.000000000000
   -0.945718646049    1.000000000000
   -0.616408824921    1.000000000000
   -1.432860255241    1.000000000000
   -0.770149588585    1.000000000000
   -0.787427604198    1.000000000000
    0.209249556065    2.000000000000
    1.535531520844    2.000000000000
    0.981199860573    2.000000000000
    2.553375959396    2.000000000000
    1.319491863251    2.000000000000
   -0.320509135723    2.000000000000
   -0.700077116489    2.000000000000
    2.469711065292    2.000000000000
    0.756484389305    2.000000000000
    1.584835529327    2.000000000000
    1.211240768433    2.000000000000
    1.912703037262    2.000000000000
    2.119678735733    2.000000000000
    2.927574872971    2.000000000000
   -0.299044191837    2.000000000000
   -0.205877244473    2.000000000000
    0.184163272381    2.000000000000
    1.926825046539    2.000000000000
    1.640326738358    2.000000000000
    0.570249915123    2.000000000000
    1.149936318398    2.000000000000
    0.486834049225    2.000000000000
    1.843687772751    2.000000000000
    1.700046658516    2.000000000000
    1.233645558357    2.000000000000
    0.777263283730    2.000000000000
    1.279033422470    2.000000000000
    0.485148847103    2.000000000000
    1.584884047508    2.000000000000
    1.081663370132    2.000000000000
   -0.539524018764    2.000000000000
    2.280173778534    2.000000000000
    1.341555953026    2.000000000000
    1.783829331398    2.000000000000
    2.482113599777    2.000000000000
    1.450611829758    2.000000000000
    0.603991866112    2.000000000000
   -0.040776371956    2.000000000000
   -0.365299522877    2.000000000000
   -0.183595001698    2.000000000000
    0.788237273693    2.000000000000
    1.050128936768    2.000000000000
   -0.437563598156    2.000000000000
    2.166882276535    2.000000000000
    1.441175937653    2.000000000000
    2.171764850616    2.000000000000
    2.444786310196    2.000000000000
   -0.521206915379    2.000000000000
    1.104135155678    2.000000000000
    0.397555589676    2.000000000000
    0.833571195602    2.000000000000
    2.276720523834    2.000000000000
   -0.691759407520    2.000000000000
    2.464099407196    2.000000000000
    0.475656032562    2.000000000000
   -0.514538466930    2.000000000000
    2.964671611786    2.000000000000
    0.272007763386    2.000000000000
    0.154160559177    2.000000000000
    0.060464322567    2.000000000000
    1.376040816307    2.000000000000
    0.595384478569    2.000000000000
    1.462663769722    2.000000000000
    0.530370116234    2.000000000000
    0.413214445114    2.000000000000
    1.321439981461    2.000000000000
    1.223860383034    2.000000000000
    1.035607099533    2.000000000000
    0.650260925293    2.000000000000
    0.893152177334    2.000000000000
    0.994395256042    2.000000000000
    2.413014888763    2.000000000000
    1.501964330673    2.000000000000
    1.955997705460    2.000000000000
    0.318201392889    2.000000000000
   -0.736976683140    2.000000000000
    3.119938373566    2.000000000000
    0.671500861645    2.000000000000
    0.401285111904    2.000000000000
   -0.081486642361    2.000000000000
    0.895156681538    2.000000000000
    0.099506914616    2.000000000000
    1.037171125412    2.000000000000
    1.559581995010    2.000000000000
    1.715797185898    2.000000000000
    1.789648413658    2.000000000000
    1.395501852036    2.000000000000
    0.217938482761    2.000000000000
    3.133989572525    2.000000000000
   -1.276614189148    2.000000000000
   -0.249884307384    2.000000000000
    0.063939690590    2.000000000000
   -0.729177892208    2.000000000000
    1.034320712090    2.000000000000
    1.119461178780    2.000000000000
   -1.016979932785    2.000000000000
   -0.595146238804    2.000000000000
    1.921098709106    2.000000000000
   -1.886012554169    2.000000000000
    0.851803004742    2.000000000000
    0.514993607998    2.000000000000
   -0.370283186436    2.000000000000
    1.035808563232    2.000000000000
   -0.032252728939    2.000000000000
    1.457670092583    2.000000000000
    1.186870574951    2.000000000000
    1.010873079300    2.000000000000
    0.757423996925    2.000000000000
   -0.401847183704    2.000000000000
    0.264902710915    2.000000000000
    0.122034192085    2.000000000000
    1.371404528618    2.000000000000
   -0.729944288731    2.000000000000
    0.556026577950    2.000000000000
    0.971267044544    2.000000000000
    0.907315492630    2.000000000000
    2.557384967804    2.000000000000
    1.000098228455    2.000000000000
    0.666912794113    2.000000000000
    0.865490913391    2.000000000000
    0.741406798363    2.000000000000
    1.743551731110    2.000000000000
    1.735469460487    2.000000000000
   -0.147443771362    2.000000000000
    2.470741271973    2.000000000000
    0.211571991444    2.000000000000
   -0.697037637234    2.000000000000
   -1.147449731827    2.000000000000
    1.363559484482    2.000000000000
    1.239261746407    2.000000000000
    0.439096897840    2.000000000000
    3.527987718582    2.000000000000
   -0.157030463219    2.000000000000
    0.194403111935    2.000000000000
   -0.565566718578    2.000000000000
    2.034751892090    2.000000000000
   -0.046549856663    2.000000000000
    0.257165312767    2.000000000000
    2.088240861893    2.000000000000
    1.280668258667    2.000000000000
   -0.021927773952    2.000000000000
    1.725342750549    2.000000000000
    0.440885633230    2.000000000000
    0.996361076832    2.000000000000
    0.957608580589    2.000000000000
    1.569270014763    2.000000000000
    0.034701704979    2.000000000000
    1.009477496147    2.000000000000
    0.925865411758    2.000000000000
    0.699054479599    2.000000000000
    0.769874215126    2.000000000000
    1.755192399025    2.000000000000
    0.304195195436    2.000000000000
    0.610759973526    2.000000000000
    0.507807552814    2.000000000000
    1.250343918800    2.000000000000
   -0.267270624638    2.000000000000
    1.424365043640    2.000000000000
   -0.329430997372    2.000000000000
    0.589628458023    2.000000000000
    0.613282978535    2.000000000000
    1.040703177452    2.000000000000
   -0.036816716194    2.000000000000
    1.060508251190    2.000000000000
    1.519859075546    2.000000000000
   -0.994858801365    2.000000000000
    0.963408708572    2.000000000000
    0.185890495777    2.000000000000
    2.305313110352    2.000000000000
    0.159876346588    2.000000000000
    1.984362602234    2.000000000000
    0.717668235302    2.000000000000
    0.595231413841    2.000000000000
    0.697225093842    2.000000000000
    1.034165859222    2.000000000000
    2.015560865402    2.000000000000
   -1.198940992355    2.000000000000
    0.564313828945    2.000000000000
    1.039898276329    2.000000000000
   -0.274317443371    2.000000000000
    1.196022033691    2.000000000000
    1.268721342087    2.000000000000
   -0.403182089329    2.000000000000
   -0.101312100887    2.000000000000
    1.860116481781    2.000000000000
   -1.102598190308    2.000000000000
    2.229607105255    2.000000000000
    2.727575540543    2.000000000000
    2.216085672379    2.000000000000
    0.470932573080    2.000000000000
    1.119231700897    2.000000000000
   -0.123564898968    2.000000000000
    0.967138290405    2.000000000000
    1.672046899796    2.000000000000
    0.024509966373    2.000000000000
   -0.036534368992    2.000000000000
   -0.809049546719    2.000000000000
    0.470409691334    2.000000000000
    1.529771566391    2.000000000000
   -0.230729281902    2.000000000000
    1.119237661362    2.000000000000
    0.061186373234    2.000000000000
    0.967818140984    2.000000000000
    0.682043194771    2.000000000000
   -0.721687257290    2.000000000000
    0.540106475353    2.000000000000
   -0.946909248829    2.000000000000
    1.680980324745    2.000000000000
    0.964953660965    2.000000000000
   -0.424419820309    2.000000000000
    0.673431038857    2.000000000000
    2.323347091675    2.000000000000
    0.692201852798    2.000000000000
    0.110586166382    2.000000000000
    1.151794195175    2.000000000000
    0.976226806641    2.000000000000
    1.194515943527    2.000000000000
    0.168915033340    2.000000000000
    0.014529466629    2.000000000000
    0.485975950956    2.000000000000
    0.762291550636    2.000000000000
    1.353904008865    2.000000000000
    1.152399301529    2.000000000000
    0.182388663292    2.000000000000
   -0.144533634186    2.000000000000
    0.901057004929    2.000000000000
    0.532648921013    2.000000000000
    1.085502743721    2.000000000000
    2.108334541321    2.000000000000
    0.151635289192    2.000000000000
   -0.161615669727    2.000000000000
    2.514046669006    2.000000000000
    1.462984085083    2.000000000000
    1.674647331238    2.000000000000
   -0.173527419567    2.000000000000
   -0.814866840839    2.000000000000
    1.632741451263    2.000000000000
    0.392364650965    2.000000000000
    2.460495948792    2.000000000000
    0.547622919083    2.000000000000
    0.486436635256    2.000000000000
    1.580277204514    2.000000000000
   -0.095228135586    2.000000000000
    1.554946064949    2.000000000000
    1.544621586800    2.000000000000
   -0.482451379299    2.000000000000
   -2.011173248291    2.000000000000
    2.944748640060    2.000000000000
    0.207439422607    2.000000000000
    2.352881431580    2.000000000000
   -1.255396604538    2.000000000000
    2.382747411728    2.000000000000
    0.682117462158    2.000000000000
    0.978858292103    2.000000000000
    0.262134075165    2.000000000000
    0.969368517399    2.000000000000
    2.082006692886    2.000000000000
    0.773226201534    2.000000000000
    1.636417746544    2.000000000000
    0.723108410835    2.000000000000
    1.997271776199    2.000000000000
    0.083588659763    2.000000000000
    1.039433598518    2.000000000000
   -1.197982072830    2.000000000000
    1.083998084068    2.000000000000
    1.182697892189    2.000000000000
    1.272875189781    2.000000000000
    0.664255023003    2.000000000000
   -1.124028682709    2.000000000000
    2.735412359238    2.000000000000
    0.859906911850    2.000000000000
    1.142871022224    2.000000000000
    1.312250852585    2.000000000000
    0.401757657528    2.000000000000
    0.810041904449    2.000000000000
    0.227987587452    2.000000000000
   -0.068510711193    2.000000000000
    1.284274458885    2.000000000000
   -0.062574386597    2.000000000000
    2.312427282333    2.000000000000
    0.470333367586    2.000000000000
    2.002619028091    2.000000000000
    0.347266674042    2.000000000000
    1.392252087593    2.000000000000
   -0.375404894352    2.000000000000
    2.424293041229    2.000000000000
    2.112107515335    2.000000000000
    0.366656661034    2.000000000000
    0.806518197060    2.000000000000
    2.140854120255    2.000000000000
    0.193621635437    2.000000000000
   -1.352022409439    2.000000000000
    1.981215000153    2.000000000000
    0.118522763252    2.000000000000
   -0.278668224812    2.000000000000
   -0.705156624317    2.000000000000
   -0.649514734745    2.000000000000
    0.684098184109    2.000000000000
    0.449347048998    2.000000000000
   -0.781400501728    2.000000000000
   -0.957726776600    2.000000000000
    1.948454856873    2.000000000000
    1.443400621414    2.000000000000
    0.065137982368    2.000000000000
    0.794683396816    2.000000000000
    0.282320082188    2.000000000000
    0.552878081799    2.000000000000
   -0.412561118603    2.000000000000
    3.220706224442    2.000000000000
    0.984855175018    2.000000000000
   -0.173682928085    2.000000000000
    0.321332812309    2.000000000000
    1.411030292511    2.000000000000
   -0.414441764355    2.000000000000
    1.633822202682    2.000000000000
    0.096615910530    2.000000000000
    2.451845884323    2.000000000000
    1.936439037323    2.000000000000
    0.887169480324    2.000000000000
   -0.040859043598    2.000000000000
    1.964914083481    2.000000000000
   -0.411702692509    2.000000000000
    0.965090453625    2.000000000000
    0.668799996376    2.000000000000
    1.904565334320    2.000000000000
    2.809027194977    2.000000000000
   -2.248479843140    2.000000000000
    1.534565210342    2.000000000000
    1.998755455017    2.000000000000
    1.285024642944    2.000000000000
    1.274127244949    2.000000000000
    2.139098882675    2.000000000000
    0.532151341438    2.000000000000
    0.874719560146    2.000000000000
   -0.274212181568    2.000000000000
    0.516620934010    2.000000000000
   -0.108509063721    2.000000000000
    0.301878929138    2.000000000000
    1.876522779465    2.000000000000
    1.125903248787    2.000000000000
    0.976180255413    2.000000000000
    0.117639183998    2.000000000000
    0.976049244404    2.000000000000
    0.599295139313    2.000000000000
    1.344683051109    2.000000000000
    1.037272453308    2.000000000000
    0.932232201099    2.000000000000
    0.122886717319    2.000000000000
    1.701707243919    2.000000000000
    0.566523790359    2.000000000000
    2.140963554382    2.000000000000
   -1.074007749557    2.000000000000
    0.518991231918    2.000000000000
    0.752648353577    2.000000000000
    1.538082361221    2.000000000000
   -1.419301271439    2.000000000000
    1.208346486092    2.000000000000
    1.170679688454    2.000000000000
    1.453391551971    2.000000000000
    1.269305825233    2.000000000000
    0.634607851505    2.000000000000
    0.289792418480    2.000000000000
    0.500663816929    2.000000000000
    0.897987306118    2.000000000000
    1.395319700241    2.000000000000
   -0.077417433262    2.000000000000
    2.110834598541    2.000000000000
    0.760901093483    2.000000000000
    2.175126552582    2.000000000000
   -0.007237970829    2.000000000000
    2.030515670776    2.000000000000
    1.868258237839    2.000000000000
   -0.519259750843    2.000000000000
   -0.192700028419    2.000000000000
    0.368945419788    2.000000000000
    0.934530675411    2.000000000000
    0.161813676357    2.000000000000
    1.009990096092    2.000000000000
    0.216895043850    2.000000000000
    1.682839393616    2.000000000000
    0.226781785488    2.000000000000
    0.330932378769    2.000000000000
   -0.871524035931    2.000000000000
    1.631180524826    2.000000000000
    0.282662630081    2.000000000000
    0.009765982628    2.000000000000
    2.921117782593    2.000000000000
    0.559269249439    2.000000000000
    0.299482464790    2.000000000000
    1.418979763985    2.000000000000
    0.628812015057    2.000000000000
    0.924703776836    2.000000000000
    0.344652712345    2.000000000000
    0.886130809784    2.000000000000
    1.461621046066    2.000000000000
    0.400400996208    2.000000000000
    3.568222761154    2.000000000000
   -0.165283858776    2.000000000000
   -0.149432778358    2.000000000000
   -0.378294765949    2.000000000000
   -0.309258401394    2.000000000000
   -1.819750070572    2.000000000000
    0.438944160938    2.000000000000
    0.149505019188    2.000000000000
    1.868445158005    2.000000000000
    1.174845933914    2.000000000000
    1.994528770447    2.000000000000
    0.025856256485    2.000000000000
   -0.828272998333    2.000000000000
    0.882248699665    2.000000000000
    1.972266435623    2.000000000000
    0.887005567551    2.000000000000
    0.789872884750    2.000000000000
    0.770022153854    2.000000000000
    1.698772549629    2.000000000000
    0.502214848995    2.000000000000
    0.632007479668    2.000000000000
   -0.409988582134    2.000000000000
   -0.331675350666    2.000000000000
    1.684858322144    2.000000000000
    1.186555743217    2.000000000000
   -0.569267332554    2.000000000000
    0.054377257824    2.000000000000
    2.018882513046    2.000000000000
    1.275577306747    2.000000000000
    1.670540094376    2.000000000000
    3.671236038208    2.000000000000
    0.778360307217    2.000000000000
   -0.948056280613    2.000000000000
    1.444328784943    2.000000000000
    1.237586379051    2.000000000000
    0.757400274277    2.000000000000
    1.778787612915    2.000000000000
   -0.218740165234    2.000000000000
    1.887050867081    2.000000000000
    0.942079305649    2.000000000000
    1.596454143524    2.000000000000
    0.331723392010    2.000000000000
    0.878704071045    2.000000000000
    2.458944320679    2.000000000000
    0.929444670677    2.000000000000
    1.657889604568    2.000000000000
   -0.403232991695    2.000000000000
   -0.523779690266    2.000000000000
    0.984631478786    2.000000000000
    0.695754945278    2.000000000000
   -0.009564042091    2.000000000000
    1.752712249756    2.000000000000
    0.575709462166    2.000000000000
    1.887597322464    2.000000000000
    0.006964325905    2.000000000000
   -1.716840982437    2.000000000000
   -0.177183568478    2.000000000000
    0.931953787804    2.000000000000
    0.410609334707    2.000000000000
    1.069946527481    2.000000000000
    1.127780318260    2.000000000000
   -1.371547460556    2.000000000000
    1.462492942810    2.000000000000
    0.809732675552    2.000000000000
    0.069774568081    2.000000000000
    0.992834448814    2.000000000000
    1.204523801804    2.000000000000
   -0.994882643223    2.000000000000
   -0.566319406033    2.000000000000
    0.779601037502    2.000000000000
    0.866122722626    2.000000000000
    1.673730134964    2.000000000000
    2.779176712036    2.000000000000
    0.103377461433    2.000000000000
   -0.160264790058    2.000000000000
    1.454080224037    2.000000000000
    0.568200409412    2.000000000000
    1.441486597061    2.000000000000
    2.171733617783    2.000000000000
   -0.396819531918    2.000000000000
    1.512521028519    2.000000000000
    1.299939393997    2.000000000000
    0.106639444828    2.000000000000
    0.645538866520    2.000000000000
    1.779025077820    2.000000000000
    0.596611917019    2.000000000000
    0.819182455540    2.000000000000
    0.530817985535    2.000000000000
   -0.452807724476    2.000000000000
    2.251883745193    2.000000000000
    1.059646964073    2.000000000000
    2.365705490112    2.000000000000
    0.539134860039    2.000000000000
    1.775010704994    2.000000000000
    0.016080677509    2.000000000000
   -0.032555520535    2.000000000000
   -0.271995246410    2.000000000000
    1.836950540543    2.000000000000
   -0.772741138935    2.000000000000
    0.567341685295    2.000000000000
    2.624293327332    2.000000000000
   -1.386395931244    2.000000000000
    1.870559692383    2.000000000000
    2.380018472672    2.000000000000
