   -0.768170893192    1.000000000000
    0.474081933498    1.000000000000
   -1.037743210793    1.000000000000
    0.568053185940    1.000000000000
   -0.866683840752    1.000000000000
    1.788818478584    1.000000000000
    0.360996901989    1.000000000000
    1.330129146576    1.000000000000
   -0.003499513958    1.000000000000
    1.194009661674    1.000000000000
    0.624029874802    1.000000000000
    0.399071455002    1.000000000000
    1.075470328331    1.000000000000
    0.648986339569    1.000000000000
    0.249695688486    1.000000000000
   -0.306897521019    1.000000000000
    2.371187210083    1.000000000000
   -0.312793076038    1.000000000000
    0.370801180601    1.000000000000
    0.861541509628    1.000000000000
   -1.286288738251    1.000000000000
    0.108247399330    1.000000000000
   -1.502608299255    1.000000000000
    0.625929951668    1.000000000000
   -0.036518525332    1.000000000000
    0.689584791660    1.000000000000
    0.428348183632    1.000000000000
   -0.040368612856    1.000000000000
    0.406050622463    1.000000000000
    0.664557874203    1.000000000000
    0.877425849438    1.000000000000
    0.903103291988    1.000000000000
    0.217539891601    1.000000000000
    0.142731368542    1.000000000000
   -1.586637139320    1.000000000000
   -0.745505154133    1.000000000000
    0.124917149544    1.000000000000
    0.195325851440    1.000000000000
    0.556980848312    1.000000000000
    0.692643940449    1.000000000000
    0.426592767239    1.000000000000
   -0.494677603245    1.000000000000
    1.600332140923    1.000000000000
   -1.961265325546    1.000000000000
    1.462543129921    1.000000000000
   -1.017972826958    1.000000000000
   -1.659802198410    1.000000000000
    1.786722302437    1.000000000000
   -0.295556694269    1.000000000000
    1.180109143257    1.000000000000
    0.008257544599    1.000000000000
   -0.501925408840    1.000000000000
    1.080705523491    1.000000000000
   -0.321529835463    1.000000000000
    0.556999623775    1.000000000000
   -0.149731591344    1.000000000000
    1.325583696365    1.000000000000
   -1.033738493919    1.000000000000
   -0.735714495182    1.000000000000
   -0.701836287975    1.000000000000
   -0.486331731081    1.000000000000
   -0.290296405554    1.000000000000
   -2.509449005127    1.000000000000
   -0.129618152976    1.000000000000
    0.934846162796    1.000000000000
   -0.933901727200    1.000000000000
   -0.400016516447    1.000000000000
   -0.728476703167    1.000000000000
    0.030918169767    1.000000000000
    0.869807004929    1.000000000000
    1.066052794456    1.000000000000
    0.541292786598    1.000000000000
   -0.314907461405    1.000000000000
    0.202589705586    1.000000000000
    0.171231746674    1.000000000000
    0.423943698406    1.000000000000
   -1.008829355240    1.000000000000
    0.909435212612    1.000000000000
   -0.185087502003    1.000000000000
   -0.315264195204    1.000000000000
   -0.984719812870    1.000000000000
    0.806632697582    1.000000000000
    1.013427019119    1.000000000000
    0.904112756252    1.000000000000
    1.760939121246    1.000000000000
    2.141621351242    1.000000000000
   -1.111889958382    1.000000000000
   -0.225666403770    1.000000000000
   -1.458730459213    1.000000000000
    0.437350064516    1.000000000000
   -1.249927997589    1.000000000000
    2.383663415909    1.000000000000
   -0.262588471174    1.000000000000
    1.487212777138    1.000000000000
    0.397475510836    1.000000000000
    1.947359204292    1.000000000000
    0.274743855000    1.000000000000
   -0.731632053852    1.000000000000
   -0.627921164036    1.000000000000
   -1.402828097343    1.000000000000
    0.799558222294    1.000000000000
    0.956223011017    1.000000000000
    0.392194598913    1.000000000000
   -0.718537688255    1.000000000000
   -0.247036799788    1.000000000000
    0.588521301746    1.000000000000
    0.940102636814    1.000000000000
    0.229506239295    1.000000000000
   -2.134048223495    1.000000000000
    0.273235410452    1.000000000000
    0.425242275000    1.000000000000
    0.790384769440    1.000000000000
   -1.517615437508    1.000000000000
    0.662940621376    1.000000000000
   -0.059290464967    1.000000000000
    0.775653302670    1.000000000000
    0.721535503864    1.000000000000
   -0.854387640953    1.000000000000
    1.684589862823    1.000000000000
   -0.522772014141    1.000000000000
    0.106798194349    1.000000000000
   -0.939361929893    1.000000000000
    0.854198217392    1.000000000000
    0.117571413517    1.000000000000
    0.792187094688    1.000000000000
   -0.053880073130    1.000000000000
    0.920016229153    1.000000000000
    1.163956522942    1.000000000000
   -1.228489279747    1.000000000000
   -1.109507560730    1.000000000000
   -0.480185329914    1.000000000000
    0.941760480404    1.000000000000
    0.736812114716    1.000000000000
    0.456909835339    1.000000000000
   -0.082986705005    1.000000000000
   -0.251015067101    1.000000000000
    0.085861578584    1.000000000000
    1.050799489021    1.000000000000
   -0.459668993950    1.000000000000
    0.685057818890    1.000000000000
    0.147665992379    1.000000000000
    0.165309727192    1.000000000000
    0.211371108890    1.000000000000
    0.276961147785    1.000000000000
    0.823076009750    1.000000000000
    0.468576818705    1.000000000000
   -0.331233501434    1.000000000000
    0.032200500369    1.000000000000
    0.220456197858    1.000000000000
   -0.178340107203    1.000000000000
   -0.862154304981    1.000000000000
   -0.104452066123    1.000000000000
    0.483050853014    1.000000000000
   -0.505918085575    1.000000000000
   -0.181926280260    1.000000000000
    1.192643284798    1.000000000000
   -1.589942932129    1.000000000000
   -1.311300873756    1.000000000000
    0.322814047337    1.000000000000
   -0.322034299374    1.000000000000
   -1.445556640625    1.000000000000
    0.695231676102    1.000000000000
   -1.447912573814    1.000000000000
    0.345843613148    1.000000000000
    1.580034136772    1.000000000000
   -0.784714400768    1.000000000000
   -0.788895845413    1.000000000000
    0.491430580616    1.000000000000
    0.937279999256    1.000000000000
    1.029959440231    1.000000000000
   -1.375809669495    1.000000000000
   -1.428860187531    1.000000000000
   -0.332149684429    1.000000000000
    1.819913864136    1.000000000000
   -0.068432226777    1.000000000000
    1.007037639618    1.000000000000
   -1.106089234352    1.000000000000
    0.468473792076    1.000000000000
   -0.947900056839    1.000000000000
    0.589388430119    1.000000000000
    0.068935573101    1.000000000000
   -0.114925175905    1.000000000000
    0.015790207312    1.000000000000
   -1.718052983284    1.000000000000
   -0.459423929453    1.000000000000
   -2.174035072327    1.000000000000
    0.625751614571    1.000000000000
   -0.122665457428    1.000000000000
    0.697129845619    1.000000000000
   -0.834360241890    1.000000000000
   -2.128278970718    1.000000000000
    0.153383731842    1.000000000000
   -0.261484831572    1.000000000000
   -0.300958216190    1.000000000000
    0.915149629116    1.000000000000
    1.978523612022    1.000000000000
    0.137283965945    1.000000000000
    0.060921888798    1.000000000000
   -1.387605309486    1.000000000000
   -0.563030421734    1.000000000000
   -0.430449247360    1.000000000000
    0.810839712620    1.000000000000
    0.499808818102    1.000000000000
   -0.859540641308    1.000000000000
   -0.280897408724    1.000000000000
    0.988576173782    1.000000000000
    0.254047632217    1.000000000000
    2.016471385956    1.000000000000
    0.627085983753    1.000000000000
    1.415658831596    1.000000000000
    1.251417398453    1.000000000000
   -0.671782672405    1.000000000000
   -0.260683685541    1.000000000000
    0.439741134644    1.000000000000
    0.375162154436    1.000000000000
    0.469229936600    1.000000000000
   -0.995052635670    1.000000000000
    0.457726299763    1.000000000000
   -2.421055078506    1.000000000000
   -1.483642935753    1.000000000000
    0.254199385643    1.000000000000
    0.521883249283    1.000000000000
   -0.487083852291    1.000000000000
    1.941472768784    1.000000000000
    0.217387467623    1.000000000000
   -0.401467353106    1.000000000000
   -1.898483037949    1.000000000000
    0.755321443081    1.000000000000
    1.936486124992    1.000000000000
    2.022755384445    1.000000000000
   -0.096364304423    1.000000000000
    1.712274670601    1.000000000000
    0.344320744276    1.000000000000
   -0.912626981735    1.000000000000
    0.432714879513    1.000000000000
    1.949787259102    1.000000000000
    0.666624963284    1.000000000000
    1.347128629684    1.000000000000
   -1.228014588356    1.000000000000
    0.441916376352    1.000000000000
    1.865619063377    1.000000000000
   -1.218244671822    1.000000000000
   -0.830164432526    1.000000000000
   -0.829018831253    1.000000000000
   -0.154751971364    1.000000000000
   -0.798811614513    1.000000000000
   -0.290414035320    1.000000000000
    0.342693299055    1.000000000000
    0.453830063343    1.000000000000
   -0.944292187691    1.000000000000
   -0.025519683957    1.000000000000
   -0.227765351534    1.000000000000
   -1.167626380920    1.000000000000
    1.171147346497    1.000000000000
   -1.725721359253    1.000000000000
    0.224203944206    1.000000000000
   -1.473972558975    1.000000000000
   -0.432125508785    1.000000000000
    0.269194960594    1.000000000000
   -1.081320524216    1.000000000000
    1.593791127205    1.000000000000
    1.218399047852    1.000000000000
   -0.429017305374    1.000000000000
    1.503225326538    1.000000000000
    1.820120692253    1.000000000000
   -1.188898444176    1.000000000000
   -0.609345734119    1.000000000000
    1.764102578163    1.000000000000
   -0.685182869434    1.000000000000
   -0.207251042128    1.000000000000
    1.144302725792    1.000000000000
    0.655835092068    1.000000000000
   -0.481232315302    1.000000000000
   -0.116794928908    1.000000000000
   -0.210391342640    1.000000000000
    1.348509073257    1.000000000000
   -0.640707254410    1.000000000000
    0.259112447500    1.000000000000
    0.751473069191    1.000000000000
    0.366198629141    1.000000000000
    1.181293249130    1.000000000000
    0.712164342403    1.000000000000
   -0.267706423998    1.000000000000
   -0.923070192337    1.000000000000
    1.743193745613    1.000000000000
    0.799113631248    1.000000000000
    1.148154258728    1.000000000000
   -1.307302355766    1.000000000000
   -0.762075543404    1.000000000000
   -0.139267578721    1.000000000000
   -0.082021243870    1.000000000000
    2.431445121765    1.000000000000
   -0.698720157146    1.000000000000
   -0.382304847240    1.000000000000
    0.680480122566    1.000000000000
   -0.392472863197    1.000000000000
    0.331979155540    1.000000000000
    0.059199780226    1.000000000000
    0.033425651491    1.000000000000
    0.990148603916    1.000000000000
    0.121624752879    1.000000000000
   -0.035986710340    1.000000000000
    0.925265491009    1.000000000000
   -1.166321039200    1.000000000000
   -0.875593304634    1.000000000000
   -1.154165148735    1.000000000000
    1.019151926041    1.000000000000
    0.960462570190    1.000000000000
    1.556605935097    1.000000000000
    0.452285319567    1.000000000000
    1.055797100067    1.000000000000
   -0.026406522840    1.000000000000
   -0.199741885066    1.000000000000
   -0.041952729225    1.000000000000
    0.817499876022    1.000000000000
    1.088078737259    1.000000000000
   -0.071002773941    1.000000000000
    0.358406811953    1.000000000000
    0.118422292173    1.000000000000
    0.313192367554    1.000000000000
   -1.019226074219    1.000000000000
   -0.762624561787    1.000000000000
   -1.643878221512    1.000000000000
   -0.112790644169    1.000000000000
   -1.513582110405    1.000000000000
   -0.263386756182    1.000000000000
    1.587579369545    1.000000000000
    0.411941677332    1.000000000000
    1.507382631302    1.000000000000
    0.245263651013    1.000000000000
   -1.965437173843    1.000000000000
    0.268142700195    1.000000000000
    1.215370655060    1.000000000000
    1.799806833267    1.000000000000
   -3.373426675797    1.000000000000
   -0.237814322114    1.000000000000
   -0.003288442967    1.000000000000
   -0.530886948109    1.000000000000
    0.917490959167    1.000000000000
   -0.798365712166    1.000000000000
   -1.719914197922    1.000000000000
    0.300479382277    1.000000000000
    0.251287132502    1.000000000000
   -1.081166625023    1.000000000000
   -0.717765271664    1.000000000000
    0.875023603439    1.000000000000
    1.562908768654    1.000000000000
   -1.438688397408    1.000000000000
    0.343544930220    1.000000000000
   -0.389349907637    1.000000000000
    0.316987574100    1.000000000000
   -0.585070550442    1.000000000000
    2.696675300598    1.000000000000
    1.004784941673    1.000000000000
    0.270362198353    1.000000000000
   -0.193084850907    1.000000000000
   -1.005223035812    1.000000000000
    0.916403770447    1.000000000000
    0.066540278494    1.000000000000
    2.025337457657    1.000000000000
    0.725582957268    1.000000000000
    0.067725308239    1.000000000000
   -0.184289887547    1.000000000000
    0.871320664883    1.000000000000
    0.670195817947    1.000000000000
    0.308576643467    1.000000000000
   -0.172511175275    1.000000000000
   -0.455450683832    1.000000000000
   -1.717611908913    1.000000000000
   -0.024101527408    1.000000000000
   -1.492312312126    1.000000000000
   -0.555200457573    1.000000000000
   -1.648809790611    1.000000000000
    0.451944500208    1.000000000000
   -2.308979511261    1.000000000000
   -1.727746367455    1.000000000000
    1.356459259987    1.000000000000
    0.232978940010    1.000000000000
    0.421218544245    1.000000000000
   -1.634381771088    1.000000000000
    0.610806763172    1.000000000000
   -0.930851697922    1.000000000000
    1.250673055649    1.000000000000
    1.113922953606    1.000000000000
    0.787844300270    1.000000000000
   -0.566036224365    1.000000000000
   -1.632341146469    1.000000000000
    0.493146598339    1.000000000000
   -0.039895728230    1.000000000000
    1.130434632301    1.000000000000
   -1.246335983276    1.000000000000
   -0.591887891293    1.000000000000
   -1.132731199265    1.000000000000
   -0.376685678959    1.000000000000
    0.844712555408    1.000000000000
   -1.087211608887    1.000000000000
   -0.429775923491    1.000000000000
    2.620279550552    1.000000000000
   -1.191933274269    1.000000000000
   -0.208417534828    1.000000000000
    2.945525646210    1.000000000000
    0.048422392458    1.000000000000
    1.477669119835    1.000000000000
   -0.392034977674    1.000000000000
   -2.126907348633    1.000000000000
   -1.183125019073    1.000000000000
   -0.789351046085    1.000000000000
   -0.728171765804    1.000000000000
   -1.850239276886    1.000000000000
   -2.151822805405    1.000000000000
   -0.244659841061    1.000000000000
   -0.304449051619    1.000000000000
   -0.592470705509    1.000000000000
   -0.927697062492    1.000000000000
   -2.029579877853    1.000000000000
    0.934182941914    1.000000000000
   -1.138272404671    1.000000000000
    0.321029871702    1.000000000000
    0.183697730303    1.000000000000
   -0.122082494199    1.000000000000
    1.140434741974    1.000000000000
   -1.557649970055    1.000000000000
   -0.236152514815    1.000000000000
   -0.561246812344    1.000000000000
   -0.353567630053    1.000000000000
   -0.377176880836    1.000000000000
    0.672326207161    1.000000000000
   -1.178070068359    1.000000000000
   -2.168828725815    1.000000000000
   -0.857415616512    1.000000000000
   -0.190141424537    1.000000000000
    0.350702613592    1.000000000000
   -0.246558517218    1.000000000000
    1.782663941383    1.000000000000
   -0.798619508743    1.000000000000
   -1.181095719337    1.000000000000
   -0.526119530201    1.000000000000
    0.409021019936    1.000000000000
    0.078145772219    1.000000000000
   -1.085609555244    1.000000000000
    0.619516015053    1.000000000000
    0.583523452282    1.000000000000
    0.536370515823    1.000000000000
   -0.918438017368    1.000000000000
   -0.079116940498    1.000000000000
   -1.575222969055    1.000000000000
   -0.277385145426    1.000000000000
   -1.379948258400    1.000000000000
    0.114968575537    1.000000000000
    1.932372689247    1.000000000000
   -1.292294979095    1.000000000000
   -1.458403348923    1.000000000000
   -0.680977404118    1.000000000000
   -2.280625581741    1.000000000000
    1.021807551384    1.000000000000
   -1.415040373802    1.000000000000
   -1.410769820213    1.000000000000
   -0.537424206734    1.000000000000
    0.722471892834    1.000000000000
    0.754853069782    1.000000000000
   -0.195086687803    1.000000000000
    0.459086686373    1.000000000000
   -0.969744682312    1.000000000000
    1.146774888039    1.000000000000
   -0.963215410709    1.000000000000
    0.760255873203    1.000000000000
   -0.414122015238    1.000000000000
    0.334516227245    1.000000000000
   -0.786705970764    1.000000000000
    1.026770710945    1.000000000000
    0.430315881968    1.000000000000
   -0.013124269433    1.000000000000
    0.298242360353    1.000000000000
    1.009902834892    1.000000000000
   -0.177457615733    1.000000000000
   -0.356504440308    1.000000000000
   -0.604047417641    1.000000000000
   -0.216678664088    1.000000000000
   -0.941041946411    1.000000000000
   -0.318423718214    1.000000000000
    1.170883774757    1.000000000000
   -1.474277734756    1.000000000000
    0.870925486088    1.000000000000
   -0.445882797241    1.000000000000
   -0.556783974171    1.000000000000
   -0.664943814278    1.000000000000
   -0.235182508826    1.000000000000
    0.747024595737    1.000000000000
   -0.004310918506    1.000000000000
   -0.878781914711    1.000000000000
   -0.676480114460    1.000000000000
   -0.191676110029    1.000000000000
    0.056377530098    1.000000000000
    0.779272973537    1.000000000000
    0.580524802208    1.000000000000
   -0.945718646049    1.000000000000
   -0.616408824921    1.000000000000
   -1.432860255241    1.000000000000
   -0.770149588585    1.000000000000
   -0.787427604198    1.000000000000
   -0.390750467777    2.000000000000
    0.935531437397    2.000000000000
    0.381199896336    2.000000000000
    1.953376054764    2.000000000000
    0.719491899014    2.000000000000
   -0.920509159565    2.000000000000
   -1.300077080727    2.000000000000
    1.869711041451    2.000000000000
    0.156484380364    2.000000000000
    0.984835505486    2.000000000000
    0.611240804195    2.000000000000
    1.312703013420    2.000000000000
    1.519678711891    2.000000000000
    2.327574968338    2.000000000000
   -0.899044215679    2.000000000000
   -0.805877268314    2.000000000000
   -0.415836751461    2.000000000000
    1.326825141907    2.000000000000
    1.040326714516    2.000000000000
   -0.029750064015    2.000000000000
    0.549936294556    2.000000000000
   -0.113165959716    2.000000000000
    1.243687748909    2.000000000000
    1.100046634674    2.000000000000
    0.633645534515    2.000000000000
    0.177263289690    2.000000000000
    0.679033398628    2.000000000000
   -0.114851161838    2.000000000000
    0.984884023666    2.000000000000
    0.481663405895    2.000000000000
   -1.139523983002    2.000000000000
    1.680173873901    2.000000000000
    0.741555929184    2.000000000000
    1.183829307556    2.000000000000
    1.882113575935    2.000000000000
    0.850611865520    2.000000000000
    0.003991842270    2.000000000000
   -0.640776395798    2.000000000000
   -0.965299546719    2.000000000000
   -0.783595025539    2.000000000000
    0.188237264752    2.000000000000
    0.450128912926    2.000000000000
   -1.037563562393    2.000000000000
    1.566882371902    2.000000000000
    0.841175973415    2.000000000000
    1.571764826775    2.000000000000
    1.844786405563    2.000000000000
   -1.121206879616    2.000000000000
    0.504135131836    2.000000000000
   -0.202444419265    2.000000000000
    0.233571186662    2.000000000000
    1.676720619202    2.000000000000
   -1.291759371758    2.000000000000
    1.864099383354    2.000000000000
   -0.124343976378    2.000000000000
   -1.114538431168    2.000000000000
    2.364671707153    2.000000000000
   -0.327992260456    2.000000000000
   -0.445839464664    2.000000000000
   -0.539535701275    2.000000000000
    0.776040792465    2.000000000000
   -0.004615545273    2.000000000000
    0.862663745880    2.000000000000
   -0.069629892707    2.000000000000
   -0.186785563827    2.000000000000
    0.721439898014    2.000000000000
    0.623860359192    2.000000000000
    0.435607135296    2.000000000000
    0.050260946155    2.000000000000
    0.293152183294    2.000000000000
    0.394395232201    2.000000000000
    1.813014864922    2.000000000000
    0.901964366436    2.000000000000
    1.355997681618    2.000000000000
   -0.281798601151    2.000000000000
   -1.336976647377    2.000000000000
    2.519938468933    2.000000000000
    0.071500852704    2.000000000000
   -0.198714897037    2.000000000000
   -0.681486666203    2.000000000000
    0.295156657696    2.000000000000
   -0.500493109226    2.000000000000
    0.437171161175    2.000000000000
    0.959582030773    2.000000000000
    1.115797162056    2.000000000000
    1.189648389816    2.000000000000
    0.795501887798    2.000000000000
   -0.382061541080    2.000000000000
    2.533989667892    2.000000000000
   -1.876614093781    2.000000000000
   -0.849884331226    2.000000000000
   -0.536060333252    2.000000000000
   -1.329177856445    2.000000000000
    0.434320718050    2.000000000000
    0.519461154938    2.000000000000
   -1.616979956627    2.000000000000
   -1.195146203041    2.000000000000
    1.321098685265    2.000000000000
   -2.486012458801    2.000000000000
    0.251803010702    2.000000000000
   -0.085006400943    2.000000000000
   -0.970283210278    2.000000000000
    0.435808569193    2.000000000000
   -0.632252752781    2.000000000000
    0.857670068741    2.000000000000
    0.586870551109    2.000000000000
    0.410873115063    2.000000000000
    0.157423987985    2.000000000000
   -1.001847147942    2.000000000000
   -0.335097312927    2.000000000000
   -0.477965831757    2.000000000000
    0.771404504776    2.000000000000
   -1.329944252968    2.000000000000
   -0.043973445892    2.000000000000
    0.371267020702    2.000000000000
    0.307315468788    2.000000000000
    1.957385063171    2.000000000000
    0.400098264217    2.000000000000
    0.066912785172    2.000000000000
    0.265490919352    2.000000000000
    0.141406789422    2.000000000000
    1.143551826477    2.000000000000
    1.135469436646    2.000000000000
   -0.747443795204    2.000000000000
    1.870741248131    2.000000000000
   -0.388428032398    2.000000000000
   -1.297037601471    2.000000000000
   -1.747449755669    2.000000000000
    0.763559401035    2.000000000000
    0.639261782169    2.000000000000
   -0.160903111100    2.000000000000
    2.927987813950    2.000000000000
   -0.757030487061    2.000000000000
   -0.405596911907    2.000000000000
   -1.165566682816    2.000000000000
    1.434751987457    2.000000000000
   -0.646549880505    2.000000000000
   -0.342834711075    2.000000000000
    1.488240957260    2.000000000000
    0.680668234825    2.000000000000
   -0.621927797794    2.000000000000
    1.125342726707    2.000000000000
   -0.159114375710    2.000000000000
    0.396361052990    2.000000000000
    0.357608556747    2.000000000000
    0.969269990921    2.000000000000
   -0.565298318863    2.000000000000
    0.409477502108    2.000000000000
    0.325865387917    2.000000000000
    0.099054463208    2.000000000000
    0.169874235988    2.000000000000
    1.155192375183    2.000000000000
   -0.295804798603    2.000000000000
    0.010759949684    2.000000000000
   -0.092192456126    2.000000000000
    0.650343954563    2.000000000000
   -0.867270648479    2.000000000000
    0.824365019798    2.000000000000
   -0.929431021214    2.000000000000
   -0.010371565819    2.000000000000
    0.013282969594    2.000000000000
    0.440703213215    2.000000000000
   -0.636816740036    2.000000000000
    0.460508286953    2.000000000000
    0.919858992100    2.000000000000
   -1.594858765602    2.000000000000
    0.363408714533    2.000000000000
   -0.414109528065    2.000000000000
    1.705313086510    2.000000000000
   -0.440123677254    2.000000000000
    1.384362578392    2.000000000000
    0.117668211460    2.000000000000
   -0.004768565297    2.000000000000
    0.097225092351    2.000000000000
    0.434165894985    2.000000000000
    1.415560960770    2.000000000000
   -1.798940896988    2.000000000000
   -0.035686179996    2.000000000000
    0.439898282290    2.000000000000
   -0.874317467213    2.000000000000
    0.596022009850    2.000000000000
    0.668721258640    2.000000000000
   -1.003182053566    2.000000000000
   -0.701312124729    2.000000000000
    1.260116457939    2.000000000000
   -1.702598094940    2.000000000000
    1.629607081413    2.000000000000
    2.127575635910    2.000000000000
    1.616085767746    2.000000000000
   -0.129067435861    2.000000000000
    0.519231677055    2.000000000000
   -0.723564922810    2.000000000000
    0.367138326168    2.000000000000
    1.072046995163    2.000000000000
   -0.575490057468    2.000000000000
   -0.636534392834    2.000000000000
   -1.409049510956    2.000000000000
   -0.129590317607    2.000000000000
    0.929771602154    2.000000000000
   -0.830729305744    2.000000000000
    0.519237577915    2.000000000000
   -0.538813650608    2.000000000000
    0.367818117142    2.000000000000
    0.082043170929    2.000000000000
   -1.321687221527    2.000000000000
   -0.059893533587    2.000000000000
   -1.546909213066    2.000000000000
    1.080980300903    2.000000000000
    0.364953696728    2.000000000000
   -1.024419784546    2.000000000000
    0.073431000113    2.000000000000
    1.723347067833    2.000000000000
    0.092201836407    2.000000000000
   -0.489413857460    2.000000000000
    0.551794111729    2.000000000000
    0.376226782799    2.000000000000
    0.594515860081    2.000000000000
   -0.431084990501    2.000000000000
   -0.585470557213    2.000000000000
   -0.114024057984    2.000000000000
    0.162291541696    2.000000000000
    0.753903925419    2.000000000000
    0.552399277687    2.000000000000
   -0.417611360550    2.000000000000
   -0.744533658028    2.000000000000
    0.301056981087    2.000000000000
   -0.067351117730    2.000000000000
    0.485502779484    2.000000000000
    1.508334636688    2.000000000000
   -0.448364734650    2.000000000000
   -0.761615693569    2.000000000000
    1.914046645164    2.000000000000
    0.862984001637    2.000000000000
    1.074647426605    2.000000000000
   -0.773527443409    2.000000000000
   -1.414866805077    2.000000000000
    1.032741427422    2.000000000000
   -0.207635357976    2.000000000000
    1.860496044159    2.000000000000
   -0.052377089858    2.000000000000
   -0.113563373685    2.000000000000
    0.980277121067    2.000000000000
   -0.695228159428    2.000000000000
    0.954946041107    2.000000000000
    0.944621562958    2.000000000000
   -1.082451343536    2.000000000000
   -2.611173152924    2.000000000000
    2.344748735428    2.000000000000
   -0.392560601234    2.000000000000
    1.752881526947    2.000000000000
   -1.855396509171    2.000000000000
    1.782747387886    2.000000000000
    0.082117430866    2.000000000000
    0.378858268261    2.000000000000
   -0.337865948677    2.000000000000
    0.369368493557    2.000000000000
    1.482006669044    2.000000000000
    0.173226207495    2.000000000000
    1.036417722702    2.000000000000
    0.123108431697    2.000000000000
    1.397271871567    2.000000000000
   -0.516411364079    2.000000000000
    0.439433574677    2.000000000000
   -1.797982096672    2.000000000000
    0.483998119831    2.000000000000
    0.582697868347    2.000000000000
    0.672875165939    2.000000000000
    0.064255028963    2.000000000000
   -1.724028706551    2.000000000000
    2.135412454605    2.000000000000
    0.259906888008    2.000000000000
    0.542871057987    2.000000000000
    0.712250828743    2.000000000000
   -0.198242351413    2.000000000000
    0.210041895509    2.000000000000
   -0.372012436390    2.000000000000
   -0.668510735035    2.000000000000
    0.684274494648    2.000000000000
   -0.662574410439    2.000000000000
    1.712427377701    2.000000000000
   -0.129666641355    2.000000000000
    1.402619004250    2.000000000000
   -0.252733349800    2.000000000000
    0.792252063751    2.000000000000
   -0.975404918194    2.000000000000
    1.824293017387    2.000000000000
    1.512107610703    2.000000000000
   -0.233343347907    2.000000000000
    0.206518188119    2.000000000000
    1.540854096413    2.000000000000
   -0.406378388405    2.000000000000
   -1.952022314072    2.000000000000
    1.381214976311    2.000000000000
   -0.481477260590    2.000000000000
   -0.878668248653    2.000000000000
   -1.305156588554    2.000000000000
   -1.249514698982    2.000000000000
    0.084098182619    2.000000000000
   -0.150652959943    2.000000000000
   -1.381400465965    2.000000000000
   -1.557726740837    2.000000000000
    1.348454952240    2.000000000000
    0.843400537968    2.000000000000
   -0.534862041473    2.000000000000
    0.194683387876    2.000000000000
   -0.317679941654    2.000000000000
   -0.047121927142    2.000000000000
   -1.012561082840    2.000000000000
    2.620706319809    2.000000000000
    0.384855151176    2.000000000000
   -0.773682951927    2.000000000000
   -0.278667211533    2.000000000000
    0.811030209064    2.000000000000
   -1.014441728592    2.000000000000
    1.033822298050    2.000000000000
   -0.503384113312    2.000000000000
    1.851845979691    2.000000000000
    1.336439132690    2.000000000000
    0.287169486284    2.000000000000
   -0.640859067440    2.000000000000
    1.364914178848    2.000000000000
   -1.011702656746    2.000000000000
    0.365090429783    2.000000000000
    0.068800002337    2.000000000000
    1.304565310478    2.000000000000
    2.209027290344    2.000000000000
   -2.848479747772    2.000000000000
    0.934565126896    2.000000000000
    1.398755550385    2.000000000000
    0.685024678707    2.000000000000
    0.674127161503    2.000000000000
    1.539098858833    2.000000000000
   -0.067848667502    2.000000000000
    0.274719536304    2.000000000000
   -0.874212205410    2.000000000000
   -0.083379074931    2.000000000000
   -0.708509087563    2.000000000000
   -0.298121094704    2.000000000000
    1.276522755623    2.000000000000
    0.525903284550    2.000000000000
    0.376180231571    2.000000000000
   -0.482360839844    2.000000000000
    0.376049220562    2.000000000000
   -0.000704869628    2.000000000000
    0.744683027267    2.000000000000
    0.437272459269    2.000000000000
    0.332232207060    2.000000000000
   -0.477113306522    2.000000000000
    1.101707220078    2.000000000000
   -0.033476203680    2.000000000000
    1.540963649750    2.000000000000
   -1.674007773399    2.000000000000
   -0.081008777022    2.000000000000
    0.152648344636    2.000000000000
    0.938082277775    2.000000000000
   -2.019301176071    2.000000000000
    0.608346521854    2.000000000000
    0.570679724216    2.000000000000
    0.853391587734    2.000000000000
    0.669305860996    2.000000000000
    0.034607827663    2.000000000000
   -0.310207605362    2.000000000000
   -0.099336192012    2.000000000000
    0.297987282276    2.000000000000
    0.795319616795    2.000000000000
   -0.677417457104    2.000000000000
    1.510834574699    2.000000000000
    0.160901099443    2.000000000000
    1.575126647949    2.000000000000
   -0.607237994671    2.000000000000
    1.430515766144    2.000000000000
    1.268258213997    2.000000000000
   -1.119259715080    2.000000000000
   -0.792700052261    2.000000000000
   -0.231054589152    2.000000000000
    0.334530681372    2.000000000000
   -0.438186347485    2.000000000000
    0.409990072250    2.000000000000
   -0.383104979992    2.000000000000
    1.082839369774    2.000000000000
   -0.373218238354    2.000000000000
   -0.269067645073    2.000000000000
   -1.471524000168    2.000000000000
    1.031180500984    2.000000000000
   -0.317337393761    2.000000000000
   -0.590234041214    2.000000000000
    2.321117877960    2.000000000000
   -0.040730744600    2.000000000000
   -0.300517559052    2.000000000000
    0.818979740143    2.000000000000
    0.028812006116    2.000000000000
    0.324703782797    2.000000000000
   -0.255347311497    2.000000000000
    0.286130815744    2.000000000000
    0.861620962620    2.000000000000
   -0.199599012733    2.000000000000
    2.968222856522    2.000000000000
   -0.765283882618    2.000000000000
   -0.749432802200    2.000000000000
   -0.978294789791    2.000000000000
   -0.909258425236    2.000000000000
   -2.419749975204    2.000000000000
   -0.161055848002    2.000000000000
   -0.450495004654    2.000000000000
    1.268445253372    2.000000000000
    0.574845910072    2.000000000000
    1.394528746605    2.000000000000
   -0.574143767357    2.000000000000
   -1.428272962570    2.000000000000
    0.282248675823    2.000000000000
    1.372266411781    2.000000000000
    0.287005543709    2.000000000000
    0.189872860909    2.000000000000
    0.170022144914    2.000000000000
    1.098772525787    2.000000000000
   -0.097785159945    2.000000000000
    0.032007455826    2.000000000000
   -1.009988546371    2.000000000000
   -0.931675374508    2.000000000000
    1.084858417511    2.000000000000
    0.586555719376    2.000000000000
   -1.169267296791    2.000000000000
   -0.545622766018    2.000000000000
    1.418882489204    2.000000000000
    0.675577223301    2.000000000000
    1.070540189743    2.000000000000
    3.071236133575    2.000000000000
    0.178360283375    2.000000000000
   -1.548056244850    2.000000000000
    0.844328820705    2.000000000000
    0.637586355209    2.000000000000
    0.157400265336    2.000000000000
    1.178787589073    2.000000000000
   -0.818740189075    2.000000000000
    1.287050843239    2.000000000000
    0.342079281807    2.000000000000
    0.996454119682    2.000000000000
   -0.268276631832    2.000000000000
    0.278704077005    2.000000000000
    1.858944296837    2.000000000000
    0.329444706440    2.000000000000
    1.057889580727    2.000000000000
   -1.003232955933    2.000000000000
   -1.123779654503    2.000000000000
    0.384631454945    2.000000000000
    0.095754951239    2.000000000000
   -0.609564065933    2.000000000000
    1.152712225914    2.000000000000
   -0.024290531874    2.000000000000
    1.287597298622    2.000000000000
   -0.593035697937    2.000000000000
   -2.316840887070    2.000000000000
   -0.777183592319    2.000000000000
    0.331953763962    2.000000000000
   -0.189390674233    2.000000000000
    0.469946444035    2.000000000000
    0.527780294418    2.000000000000
   -1.971547365189    2.000000000000
    0.862492978573    2.000000000000
    0.209732681513    2.000000000000
   -0.530225455761    2.000000000000
    0.392834424973    2.000000000000
    0.604523718357    2.000000000000
   -1.594882607460    2.000000000000
   -1.166319370270    2.000000000000
    0.179601043463    2.000000000000
    0.266122758389    2.000000000000
    1.073730111122    2.000000000000
    2.179176568985    2.000000000000
   -0.496622562408    2.000000000000
   -0.760264813900    2.000000000000
    0.854080200195    2.000000000000
   -0.031799599528    2.000000000000
    0.841486513615    2.000000000000
    1.571733593941    2.000000000000
   -0.996819555759    2.000000000000
    0.912520945072    2.000000000000
    0.699939429760    2.000000000000
   -0.493360579014    2.000000000000
    0.045538872480    2.000000000000
    1.179025053978    2.000000000000
   -0.003388106823    2.000000000000
    0.219182446599    2.000000000000
   -0.069182023406    2.000000000000
   -1.052807688713    2.000000000000
    1.651883840561    2.000000000000
    0.459646940231    2.000000000000
    1.765705585480    2.000000000000
   -0.060865178704    2.000000000000
    1.175010681152    2.000000000000
   -0.583919346333    2.000000000000
   -0.632555544376    2.000000000000
   -0.871995270252    2.000000000000
    1.236950516701    2.000000000000
   -1.372741103172    2.000000000000
   -0.032658308744    2.000000000000
    2.024293422699    2.000000000000
   -1.986395835876    2.000000000000
    1.270559668541    2.000000000000
    1.780018448830    2.000000000000
