   -0.791320383549    1.000000000000
    0.449287444353    1.000000000000
   -1.060535788536    1.000000000000
    0.543134272099    1.000000000000
   -0.889702916145    1.000000000000
    1.762283086777    1.000000000000
    0.336352229118    1.000000000000
    1.304201126099    1.000000000000
   -0.027661550790    1.000000000000
    1.168261766434    1.000000000000
    0.599036812782    1.000000000000
    0.374376356602    1.000000000000
    1.049879550934    1.000000000000
    0.623960256577    1.000000000000
    0.225198373199    1.000000000000
   -0.330657809973    1.000000000000
    2.343880891800    1.000000000000
   -0.336545556784    1.000000000000
    0.346143484116    1.000000000000
    0.836233973503    1.000000000000
   -1.308752179146    1.000000000000
    0.083937384188    1.000000000000
   -1.524785280228    1.000000000000
    0.600934445858    1.000000000000
   -0.060636840761    1.000000000000
    0.664505004883    1.000000000000
    0.403614282608    1.000000000000
   -0.064481832087    1.000000000000
    0.381346285343    1.000000000000
    0.639511168003    1.000000000000
    0.852097272873    1.000000000000
    0.877740681171    1.000000000000
    0.193085163832    1.000000000000
    0.118375696242    1.000000000000
   -1.608702778816    1.000000000000
   -0.768684685230    1.000000000000
    0.100585065782    1.000000000000
    0.170900538564    1.000000000000
    0.532076597214    1.000000000000
    0.667560040951    1.000000000000
    0.401861220598    1.000000000000
   -0.518189251423    1.000000000000
    1.574046254158    1.000000000000
   -1.982834815979    1.000000000000
    1.436439752579    1.000000000000
   -1.040791511536    1.000000000000
   -1.681771039963    1.000000000000
    1.760189652443    1.000000000000
   -0.319332003593    1.000000000000
    1.154379725456    1.000000000000
   -0.015920061618    1.000000000000
   -0.525427460670    1.000000000000
    1.055107831955    1.000000000000
   -0.345270752907    1.000000000000
    0.532095372677    1.000000000000
   -0.173699989915    1.000000000000
    1.299661755562    1.000000000000
   -1.056536316872    1.000000000000
   -0.758906960487    1.000000000000
   -0.725073635578    1.000000000000
   -0.509854435921    1.000000000000
   -0.314078658819    1.000000000000
   -2.530292510986    1.000000000000
   -0.153613194823    1.000000000000
    0.909441590309    1.000000000000
   -0.956831753254    1.000000000000
   -0.423653483391    1.000000000000
   -0.751678764820    1.000000000000
    0.006710558664    1.000000000000
    0.844488561153    1.000000000000
    1.040474414825    1.000000000000
    0.516409337521    1.000000000000
   -0.338657140732    1.000000000000
    0.178154766560    1.000000000000
    0.146838337183    1.000000000000
    0.399215608835    1.000000000000
   -1.031660199165    1.000000000000
    0.884064257145    1.000000000000
   -0.209009081125    1.000000000000
   -0.339013427496    1.000000000000
   -1.007582426071    1.000000000000
    0.781397879124    1.000000000000
    0.987918436527    1.000000000000
    0.878748834133    1.000000000000
    1.734440565109    1.000000000000
    2.114618778229    1.000000000000
   -1.134584307671    1.000000000000
   -0.249534234405    1.000000000000
   -1.480965614319    1.000000000000
    0.412604242563    1.000000000000
   -1.272439599037    1.000000000000
    2.356340646744    1.000000000000
   -0.286407440901    1.000000000000
    1.461076736450    1.000000000000
    0.372782498598    1.000000000000
    1.920613765717    1.000000000000
    0.250213384628    1.000000000000
   -0.754829943180    1.000000000000
   -0.651256382465    1.000000000000
   -1.425137162209    1.000000000000
    0.774332821369    1.000000000000
    0.930790126324    1.000000000000
    0.367508590221    1.000000000000
   -0.741752922535    1.000000000000
   -0.270876348019    1.000000000000
    0.563575327396    1.000000000000
    0.914691090584    1.000000000000
    0.205035671592    1.000000000000
   -2.155388832092    1.000000000000
    0.248706892133    1.000000000000
    0.400512456894    1.000000000000
    0.765171468258    1.000000000000
   -1.539772510529    1.000000000000
    0.637896060944    1.000000000000
   -0.083378627896    1.000000000000
    0.750459492207    1.000000000000
    0.696413338184    1.000000000000
   -0.877422988415    1.000000000000
    1.658192396164    1.000000000000
   -0.546246469021    1.000000000000
    0.082490101457    1.000000000000
   -0.962284743786    1.000000000000
    0.828900456429    1.000000000000
    0.093249052763    1.000000000000
    0.766971409321    1.000000000000
   -0.077975399792    1.000000000000
    0.894631266594    1.000000000000
    1.138248562813    1.000000000000
   -1.251029253006    1.000000000000
   -1.132205128670    1.000000000000
   -0.503716170788    1.000000000000
    0.916346728802    1.000000000000
    0.711669743061    1.000000000000
    0.432138144970    1.000000000000
   -0.107043489814    1.000000000000
   -0.274849385023    1.000000000000
    0.061581209302    1.000000000000
    1.025241374969    1.000000000000
   -0.483227014542    1.000000000000
    0.659983992577    1.000000000000
    0.123303793371    1.000000000000
    0.140924155712    1.000000000000
    0.186924561858    1.000000000000
    0.252427726984    1.000000000000
    0.797819375992    1.000000000000
    0.443789660931    1.000000000000
   -0.354961544275    1.000000000000
    0.007991190068    1.000000000000
    0.195997595787    1.000000000000
   -0.202270627022    1.000000000000
   -0.885179340839    1.000000000000
   -0.128480434418    1.000000000000
    0.458244502544    1.000000000000
   -0.529414772987    1.000000000000
   -0.205852046609    1.000000000000
    1.166897296906    1.000000000000
   -1.612004280090    1.000000000000
   -1.333731174469    1.000000000000
    0.298219889402    1.000000000000
   -0.345774531364    1.000000000000
   -1.467809200287    1.000000000000
    0.670144379139    1.000000000000
   -1.470162034035    1.000000000000
    0.321218967438    1.000000000000
    1.553775191307    1.000000000000
   -0.807841956615    1.000000000000
   -0.812017917633    1.000000000000
    0.466613143682    1.000000000000
    0.911872148514    1.000000000000
    1.004428982735    1.000000000000
   -1.398154616356    1.000000000000
   -1.451134800911    1.000000000000
   -0.355876535177    1.000000000000
    1.793337225914    1.000000000000
   -0.092508271337    1.000000000000
    0.981537461281    1.000000000000
   -1.128791213036    1.000000000000
    0.443686783314    1.000000000000
   -0.970811605453    1.000000000000
    0.564441263676    1.000000000000
    0.044677618891    1.000000000000
   -0.138939678669    1.000000000000
   -0.008397373371    1.000000000000
   -1.739944696426    1.000000000000
   -0.482982248068    1.000000000000
   -2.195322751999    1.000000000000
    0.600756347179    1.000000000000
   -0.146669700742    1.000000000000
    0.672040045261    1.000000000000
   -0.857422053814    1.000000000000
   -2.149627208710    1.000000000000
    0.129013955593    1.000000000000
   -0.285305261612    1.000000000000
   -0.324726372957    1.000000000000
    0.889771103859    1.000000000000
    1.951737165451    1.000000000000
    0.112935513258    1.000000000000
    0.036674544215    1.000000000000
   -1.409934639931    1.000000000000
   -0.586451590061    1.000000000000
   -0.454045951366    1.000000000000
    0.785599350929    1.000000000000
    0.474980264902    1.000000000000
   -0.882569134235    1.000000000000
   -0.304692119360    1.000000000000
    0.963100433350    1.000000000000
    0.229544550180    1.000000000000
    1.989634752274    1.000000000000
    0.602088928223    1.000000000000
    1.389617562294    1.000000000000
    1.225593566895    1.000000000000
   -0.695059776306    1.000000000000
   -0.284505158663    1.000000000000
    0.414992153645    1.000000000000
    0.350498676300    1.000000000000
    0.444441944361    1.000000000000
   -1.017901778221    1.000000000000
    0.432953476906    1.000000000000
   -2.442015647888    1.000000000000
   -1.505845069885    1.000000000000
    0.229696094990    1.000000000000
    0.497025489807    1.000000000000
   -0.510605573654    1.000000000000
    1.914735317230    1.000000000000
    0.192932948470    1.000000000000
   -0.425102412701    1.000000000000
   -1.920135736465    1.000000000000
    0.730154573917    1.000000000000
    1.909755229950    1.000000000000
    1.995910406113    1.000000000000
   -0.120403379202    1.000000000000
    1.685840606689    1.000000000000
    0.319698154926    1.000000000000
   -0.935585200787    1.000000000000
    0.407975196838    1.000000000000
    1.923038721085    1.000000000000
    0.641575515270    1.000000000000
    1.321178078651    1.000000000000
   -1.250555276871    1.000000000000
    0.417164534330    1.000000000000
    1.838981986046    1.000000000000
   -1.240798115730    1.000000000000
   -0.853231847286    1.000000000000
   -0.852087736130    1.000000000000
   -0.178713724017    1.000000000000
   -0.821920514107    1.000000000000
   -0.314196139574    1.000000000000
    0.318072855473    1.000000000000
    0.429062455893    1.000000000000
   -0.967208445072    1.000000000000
   -0.049652561545    1.000000000000
   -0.251630425453    1.000000000000
   -1.190246939659    1.000000000000
    1.145429849625    1.000000000000
   -1.747602939606    1.000000000000
    0.199740380049    1.000000000000
   -1.496187448502    1.000000000000
   -0.455720007420    1.000000000000
    0.244671821594    1.000000000000
   -1.104055404663    1.000000000000
    1.567513942719    1.000000000000
    1.192618966103    1.000000000000
   -0.452615916729    1.000000000000
    1.477068066597    1.000000000000
    1.793543934822    1.000000000000
   -1.211490750313    1.000000000000
   -0.632705569267    1.000000000000
    1.737599849701    1.000000000000
   -0.708442270756    1.000000000000
   -0.231143280864    1.000000000000
    1.118620753288    1.000000000000
    0.630799949169    1.000000000000
   -0.504761755466    1.000000000000
   -0.140806928277    1.000000000000
   -0.234279423952    1.000000000000
    1.322556614876    1.000000000000
   -0.664025485516    1.000000000000
    0.234602659941    1.000000000000
    0.726311266422    1.000000000000
    0.341547042131    1.000000000000
    1.155562281609    1.000000000000
    0.687054634094    1.000000000000
   -0.291518628597    1.000000000000
   -0.946014583111    1.000000000000
    1.716718792915    1.000000000000
    0.773888766766    1.000000000000
    1.122467160225    1.000000000000
   -1.329737901688    1.000000000000
   -0.785233139992    1.000000000000
   -0.163249850273    1.000000000000
   -0.106079302728    1.000000000000
    2.404059171677    1.000000000000
   -0.721961617470    1.000000000000
   -0.405965268612    1.000000000000
    0.655412316322    1.000000000000
   -0.416119813919    1.000000000000
    0.307372838259    1.000000000000
    0.034954715520    1.000000000000
    0.009214718826    1.000000000000
    0.964670777321    1.000000000000
    0.097297027707    1.000000000000
   -0.060105729848    1.000000000000
    0.899873554707    1.000000000000
   -1.188943266869    1.000000000000
   -0.898600578308    1.000000000000
   -1.176803469658    1.000000000000
    0.993635654449    1.000000000000
    0.935024082661    1.000000000000
    1.530378103256    1.000000000000
    0.427519738674    1.000000000000
    1.030232310295    1.000000000000
   -0.050538230687    1.000000000000
   -0.223644062877    1.000000000000
   -0.066063843668    1.000000000000
    0.792250633240    1.000000000000
    1.062471270561    1.000000000000
   -0.095075428486    1.000000000000
    0.333765536547    1.000000000000
    0.094098806381    1.000000000000
    0.288610965014    1.000000000000
   -1.042043209076    1.000000000000
   -0.785781383514    1.000000000000
   -1.665868163109    1.000000000000
   -0.136807963252    1.000000000000
   -1.535744547844    1.000000000000
   -0.287204653025    1.000000000000
    1.561310410500    1.000000000000
    0.387229532003    1.000000000000
    1.481219887733    1.000000000000
    0.220772206783    1.000000000000
   -1.987001061440    1.000000000000
    0.243620947003    1.000000000000
    1.189594626427    1.000000000000
    1.773256897926    1.000000000000
   -3.393126010895    1.000000000000
   -0.261666059494    1.000000000000
   -0.027450758964    1.000000000000
   -0.554350614548    1.000000000000
    0.892109334469    1.000000000000
   -0.821475207806    1.000000000000
   -1.741803407669    1.000000000000
    0.275914788246    1.000000000000
    0.226787701249    1.000000000000
   -1.103901743889    1.000000000000
   -0.740981519222    1.000000000000
    0.849698245525    1.000000000000
    1.536672472954    1.000000000000
   -1.460950016975    1.000000000000
    0.318923324347    1.000000000000
   -0.413001000881    1.000000000000
    0.292401134968    1.000000000000
   -0.608462512493    1.000000000000
    2.668937921524    1.000000000000
    0.979287743568    1.000000000000
    0.245837509632    1.000000000000
   -0.216995835304    1.000000000000
   -1.028058648109    1.000000000000
    0.891023576260    1.000000000000
    0.042285490781    1.000000000000
    1.998489141464    1.000000000000
    0.700455427170    1.000000000000
    0.043468955904    1.000000000000
   -0.208212524652    1.000000000000
    0.846000194550    1.000000000000
    0.645141661167    1.000000000000
    0.284001320601    1.000000000000
   -0.196449413896    1.000000000000
   -0.479014247656    1.000000000000
   -1.739504218102    1.000000000000
   -0.048236284405    1.000000000000
   -1.514502882957    1.000000000000
   -0.578631937504    1.000000000000
   -1.670793175697    1.000000000000
    0.427179366350    1.000000000000
   -2.330088376999    1.000000000000
   -1.749625205994    1.000000000000
    1.330496430397    1.000000000000
    0.208503767848    1.000000000000
    0.396494090557    1.000000000000
   -1.656384229660    1.000000000000
    0.585831284523    1.000000000000
   -0.953785777092    1.000000000000
    1.224850177765    1.000000000000
    1.088281273842    1.000000000000
    0.762634336948    1.000000000000
   -0.589453399181    1.000000000000
   -1.654346346855    1.000000000000
    0.468326866627    1.000000000000
   -0.064009569585    1.000000000000
    1.104771018028    1.000000000000
   -1.268852353096    1.000000000000
   -0.615270793438    1.000000000000
   -1.155397891998    1.000000000000
   -0.400353550911    1.000000000000
    0.819427311420    1.000000000000
   -1.109938621521    1.000000000000
   -0.453373491764    1.000000000000
    2.592643260956    1.000000000000
   -1.214521646500    1.000000000000
   -0.232308223844    1.000000000000
    2.917458772659    1.000000000000
    0.024191599339    1.000000000000
    1.451545715332    1.000000000000
   -0.415682554245    1.000000000000
   -2.148257255554    1.000000000000
   -1.205725073814    1.000000000000
   -0.812472462654    1.000000000000
   -0.751374244690    1.000000000000
   -1.871955990791    1.000000000000
   -2.173139810562    1.000000000000
   -0.268502533436    1.000000000000
   -0.328212618828    1.000000000000
   -0.615852832794    1.000000000000
   -0.950635313988    1.000000000000
   -2.051058769226    1.000000000000
    0.908779203892    1.000000000000
   -1.160931825638    1.000000000000
    0.296438068151    1.000000000000
    0.159287810326    1.000000000000
   -0.146087497473    1.000000000000
    1.114757895470    1.000000000000
   -1.579754114151    1.000000000000
   -0.260006457567    1.000000000000
   -0.584670364857    1.000000000000
   -0.377266138792    1.000000000000
   -0.400844126940    1.000000000000
    0.647269248962    1.000000000000
   -1.200676798820    1.000000000000
   -2.190123081207    1.000000000000
   -0.880446970463    1.000000000000
   -0.214056298137    1.000000000000
    0.326071560383    1.000000000000
   -0.270398706198    1.000000000000
    1.756136655807    1.000000000000
   -0.821728706360    1.000000000000
   -1.203698396683    1.000000000000
   -0.549589574337    1.000000000000
    0.384312748909    1.000000000000
    0.053875625134    1.000000000000
   -1.108338713646    1.000000000000
    0.594528973103    1.000000000000
    0.558584094048    1.000000000000
    0.511493563652    1.000000000000
   -0.941388547421    1.000000000000
   -0.103178851306    1.000000000000
   -1.597303867340    1.000000000000
   -0.301184535027    1.000000000000
   -1.402287721634    1.000000000000
    0.090649664402    1.000000000000
    1.905647277832    1.000000000000
   -1.314750432968    1.000000000000
   -1.480638861656    1.000000000000
   -0.704242408276    1.000000000000
   -2.301771879196    1.000000000000
    0.996287822723    1.000000000000
   -1.437333345413    1.000000000000
   -1.433068394661    1.000000000000
   -0.560879290104    1.000000000000
    0.697348475456    1.000000000000
    0.729686796665    1.000000000000
   -0.218995019794    1.000000000000
    0.434312105179    1.000000000000
   -0.992627203465    1.000000000000
    1.121089696884    1.000000000000
   -0.986106574535    1.000000000000
    0.735082447529    1.000000000000
   -0.437740325928    1.000000000000
    0.309906601906    1.000000000000
   -0.809830904007    1.000000000000
    1.001244425774    1.000000000000
    0.405579358339    1.000000000000
   -0.037273563445    1.000000000000
    0.273680746555    1.000000000000
    0.984398841858    1.000000000000
   -0.201389297843    1.000000000000
   -0.380199044943    1.000000000000
   -0.627414226532    1.000000000000
   -0.240558415651    1.000000000000
   -0.963962554932    1.000000000000
   -0.342168778181    1.000000000000
    1.145166635513    1.000000000000
   -1.496492266655    1.000000000000
    0.845605492592    1.000000000000
   -0.469459027052    1.000000000000
   -0.580213427544    1.000000000000
   -0.688230037689    1.000000000000
   -0.259037762880    1.000000000000
    0.721868693829    1.000000000000
   -0.028471881524    1.000000000000
   -0.901784956455    1.000000000000
   -0.699751019478    1.000000000000
   -0.215588957071    1.000000000000
    0.032136201859    1.000000000000
    0.754074394703    1.000000000000
    0.555589377880    1.000000000000
   -0.968633055687    1.000000000000
   -0.639759302139    1.000000000000
   -1.455129623413    1.000000000000
   -0.793296456337    1.000000000000
   -0.810551643372    1.000000000000
   -0.568648397923    1.000000000000
    0.702665686607    1.000000000000
    0.171308457851    1.000000000000
    1.678325772285    1.000000000000
    0.495579957962    1.000000000000
   -1.076451182365    1.000000000000
   -1.440287947655    1.000000000000
    1.598128199577    1.000000000000
   -0.044093698263    1.000000000000
    0.749926388264    1.000000000000
    0.391815304756    1.000000000000
    1.064205408096    1.000000000000
    1.262603044510    1.000000000000
    2.037015914917    1.000000000000
   -1.055875778198    1.000000000000
   -0.966570317745    1.000000000000
   -0.592694997787    1.000000000000
    1.077742218971    1.000000000000
    0.803117811680    1.000000000000
   -0.222609654069    1.000000000000
    0.333051651716    1.000000000000
   -0.302568405867    1.000000000000
    0.998050451279    1.000000000000
    0.860362589359    1.000000000000
    0.413291513920    1.000000000000
   -0.024175969884    1.000000000000
    0.456798225641    1.000000000000
   -0.304183781147    1.000000000000
    0.749972879887    1.000000000000
    0.267608255148    1.000000000000
   -1.286388993263    1.000000000000
    1.416446447372    1.000000000000
    0.516729533672    1.000000000000
    0.940672874451    1.000000000000
    1.610016703606    1.000000000000
    0.621265649796    1.000000000000
   -0.190266191959    1.000000000000
   -0.808312058449    1.000000000000
   -1.119385242462    1.000000000000
   -0.945211529732    1.000000000000
   -0.013656811789    1.000000000000
    0.237380713224    1.000000000000
   -1.188654422760    1.000000000000
    1.307850241661    1.000000000000
    0.612220823765    1.000000000000
    1.312530398369    1.000000000000
    1.574236512184    1.000000000000
   -1.268831133842    1.000000000000
    0.289148658514    1.000000000000
   -0.388146728277    1.000000000000
    0.029798237607    1.000000000000
    1.413136363029    1.000000000000
   -1.432314991951    1.000000000000
    1.592749118805    1.000000000000
   -0.313283085823    1.000000000000
   -1.262438893318    1.000000000000
    2.072575330734    1.000000000000
   -0.508491158485    1.000000000000
   -0.621454238892    1.000000000000
   -0.711267232895    1.000000000000
    0.549785196781    1.000000000000
   -0.198516830802    1.000000000000
    0.632818043232    1.000000000000
   -0.260836690664    1.000000000000
   -0.373136848211    1.000000000000
    0.497447222471    1.000000000000
    0.403911918402    1.000000000000
    0.223460823298    1.000000000000
   -0.145914703608    1.000000000000
    0.086909905076    1.000000000000
    0.183956936002    1.000000000000
    1.543781876564    1.000000000000
    0.670489847660    1.000000000000
    1.105705738068    1.000000000000
   -0.464212059975    1.000000000000
   -1.475658178329    1.000000000000
    2.221407175064    1.000000000000
   -0.125555098057    1.000000000000
   -0.384571701288    1.000000000000
   -0.847335040569    1.000000000000
    0.088831312954    1.000000000000
   -0.673842787743    1.000000000000
    0.224959999323    1.000000000000
    0.725719511509    1.000000000000
    0.875460267067    1.000000000000
    0.946250796318    1.000000000000
    0.568439722061    1.000000000000
   -0.560319602489    1.000000000000
    2.234875917435    1.000000000000
   -1.992930531502    1.000000000000
   -1.008753418922    1.000000000000
   -0.707935929298    1.000000000000
   -1.468182682991    1.000000000000
    0.222227707505    1.000000000000
    0.303839564323    1.000000000000
   -1.744056820869    1.000000000000
   -1.339705944061    1.000000000000
    1.072253108025    1.000000000000
   -2.577072143555    1.000000000000
    0.047274436802    1.000000000000
    0.279056131840    2.000000000000
   -0.611607909203    2.000000000000
    0.803040504456    2.000000000000
   -0.271520376205    2.000000000000
    1.227469205856    2.000000000000
    0.955021739006    2.000000000000
    0.777953267097    2.000000000000
    0.522961795330    2.000000000000
   -0.643363833427    2.000000000000
    0.027443349361    2.000000000000
   -0.116294562817    2.000000000000
    1.140678644180    2.000000000000
   -0.973457574844    2.000000000000
    0.320338815451    2.000000000000
    0.738106131554    2.000000000000
    0.673765420914    2.000000000000
    2.333876132965    2.000000000000
    0.767112851143    2.000000000000
    0.431899815798    2.000000000000
    0.631686389446    2.000000000000
    0.506847143173    2.000000000000
    1.515090584755    2.000000000000
    1.506958961487    2.000000000000
   -0.387412369251    2.000000000000
    2.246705293655    2.000000000000
   -0.026211917400    2.000000000000
   -0.940350651741    2.000000000000
   -1.393503665924    2.000000000000
    1.132785797119    2.000000000000
    1.007731676102    2.000000000000
    0.202697575092    2.000000000000
    3.310385465622    2.000000000000
   -0.397057473660    2.000000000000
   -0.043485224247    2.000000000000
   -0.808079600334    2.000000000000
    1.808062791824    2.000000000000
   -0.285904467106    2.000000000000
    0.019658863544    2.000000000000
    1.861877322197    2.000000000000
    1.049390196800    2.000000000000
   -0.261132597923    2.000000000000
    1.496770620346    2.000000000000
    0.204497247934    2.000000000000
    0.763352870941    2.000000000000
    0.724364578724    2.000000000000
    1.339748144150    2.000000000000
   -0.204158544540    2.000000000000
    0.776549220085    2.000000000000
    0.692428231239    2.000000000000
    0.464237093925    2.000000000000
    0.535487830639    2.000000000000
    1.526801943779    2.000000000000
    0.066974937916    2.000000000000
    0.375405281782    2.000000000000
    0.271826356649    2.000000000000
    1.018881320953    2.000000000000
   -0.507968425751    2.000000000000
    1.193961381912    2.000000000000
   -0.570507049561    2.000000000000
    0.354145169258    2.000000000000
    0.377943634987    2.000000000000
    0.807964920998    2.000000000000
   -0.276112139225    2.000000000000
    0.827890515327    2.000000000000
    1.290036559105    2.000000000000
   -1.239984154701    2.000000000000
    0.730200052261    2.000000000000
   -0.052049696445    2.000000000000
    2.080270290375    2.000000000000
   -0.078222095966    2.000000000000
    1.757366776466    2.000000000000
    0.482964128256    2.000000000000
    0.359782278538    2.000000000000
    0.462396591902    2.000000000000
    0.801387786865    2.000000000000
    1.788755059242    2.000000000000
   -1.445308208466    2.000000000000
    0.328676491976    2.000000000000
    0.807155072689    2.000000000000
   -0.515058040619    2.000000000000
    0.964228868484    2.000000000000
    1.037370443344    2.000000000000
   -0.644706845284    2.000000000000
   -0.341000020504    2.000000000000
    1.632364511490    2.000000000000
   -1.348379135132    2.000000000000
    2.004103660583    2.000000000000
    2.505102634430    2.000000000000
    1.990500092506    2.000000000000
    0.234726995230    2.000000000000
    0.886971235275    2.000000000000
   -0.363388240337    2.000000000000
    0.733952343464    2.000000000000
    1.443150520325    2.000000000000
   -0.214412212372    2.000000000000
   -0.275828063488    2.000000000000
   -1.053044199944    2.000000000000
    0.234200924635    2.000000000000
    1.300009489059    2.000000000000
   -0.471204757690    2.000000000000
    0.886977195740    2.000000000000
   -0.177512645721    2.000000000000
    0.734636247158    2.000000000000
    0.447122275829    2.000000000000
   -0.965150237083    2.000000000000
    0.304321825504    2.000000000000
   -1.191742897034    2.000000000000
    1.452138304710    2.000000000000
    0.731754422188    2.000000000000
   -0.666073918343    2.000000000000
    0.438457697630    2.000000000000
    2.098413944244    2.000000000000
    0.457342773676    2.000000000000
   -0.127812266350    2.000000000000
    0.919731855392    2.000000000000
    0.743096113205    2.000000000000
    0.962713599205    2.000000000000
   -0.069128453732    2.000000000000
   -0.224453508854    2.000000000000
    0.249861896038    2.000000000000
    0.527858972549    2.000000000000
    1.123071551323    2.000000000000
    0.920340657234    2.000000000000
   -0.055572807789    2.000000000000
   -0.384484589100    2.000000000000
    0.667468845844    2.000000000000
    0.296818852425    2.000000000000
    0.853037118912    2.000000000000
    1.882093310356    2.000000000000
   -0.086513340473    2.000000000000
   -0.401670515537    2.000000000000
    2.290274143219    2.000000000000
    1.232815384865    2.000000000000
    1.445766925812    2.000000000000
   -0.413654804230    2.000000000000
   -1.058896899223    2.000000000000
    1.403605937958    2.000000000000
    0.155680984259    2.000000000000
    2.236397743225    2.000000000000
    0.311884015799    2.000000000000
    0.250325441360    2.000000000000
    1.350822329521    2.000000000000
   -0.334878981113    2.000000000000
    1.325337052345    2.000000000000
    1.314949750900    2.000000000000
   -0.724458575249    2.000000000000
   -2.262483119965    2.000000000000
    2.723597049713    2.000000000000
   -0.030369579792    2.000000000000
    2.128128290176    2.000000000000
   -1.502107620239    2.000000000000
    2.158175945282    2.000000000000
    0.447196990252    2.000000000000
    0.745743632317    2.000000000000
    0.024657845497    2.000000000000
    0.736196041107    2.000000000000
    1.855605125427    2.000000000000
    0.538860201836    2.000000000000
    1.407304525375    2.000000000000
    0.488437443972    2.000000000000
    1.770354628563    2.000000000000
   -0.154974043369    2.000000000000
    0.806687533855    2.000000000000
   -1.444343686104    2.000000000000
    0.851523280144    2.000000000000
    0.950823664665    2.000000000000
    1.041549682617    2.000000000000
    0.429225891829    2.000000000000
   -1.369940161705    2.000000000000
    2.512987136841    2.000000000000
    0.626068353653    2.000000000000
    0.910754442215    2.000000000000
    1.081164956093    2.000000000000
    0.165131121874    2.000000000000
    0.575899899006    2.000000000000
   -0.009696364403    2.000000000000
   -0.307999014854    2.000000000000
    1.053018331528    2.000000000000
   -0.302026569843    2.000000000000
    2.087428092957    2.000000000000
    0.234124124050    2.000000000000
    1.775734305382    2.000000000000
    0.110308527946    2.000000000000
    1.161653041840    2.000000000000
   -0.616760611534    2.000000000000
    2.199974298477    2.000000000000
    1.885889172554    2.000000000000
    0.129816532135    2.000000000000
    0.572354793549    2.000000000000
    1.914810657501    2.000000000000
   -0.044271528721    2.000000000000
   -1.599321365356    2.000000000000
    1.754199981689    2.000000000000
   -0.119827330112    2.000000000000
   -0.519435286522    2.000000000000
   -0.948519110680    2.000000000000
   -0.892538547516    2.000000000000
    0.449189782143    2.000000000000
    0.213010102510    2.000000000000
   -1.025226950645    2.000000000000
   -1.202626228333    2.000000000000
    1.721240639687    2.000000000000
    1.213112831116    2.000000000000
   -0.173537015915    2.000000000000
    0.560447931290    2.000000000000
    0.044966697693    2.000000000000
    0.317171156406    2.000000000000
   -0.654142975807    2.000000000000
    3.001233816147    2.000000000000
    0.751776933670    2.000000000000
   -0.413811206818    2.000000000000
    0.084216862917    2.000000000000
    1.180545449257    2.000000000000
   -0.656035065651    2.000000000000
    1.404693245888    2.000000000000
   -0.141867518425    2.000000000000
    2.227694988251    2.000000000000
    1.709151625633    2.000000000000
    0.653496861458    2.000000000000
   -0.280179083347    2.000000000000
    1.737800002098    2.000000000000
   -0.653279423714    2.000000000000
    0.731891989708    2.000000000000
    0.433798521757    2.000000000000
    1.677083849907    2.000000000000
    2.587049722672    2.000000000000
   -2.501234054565    2.000000000000
    1.304832100868    2.000000000000
    1.771847367287    2.000000000000
    1.053773164749    2.000000000000
    1.042809247971    2.000000000000
    1.913044691086    2.000000000000
    0.296318292618    2.000000000000
    0.640971183777    2.000000000000
   -0.514952182770    2.000000000000
    0.280693382025    2.000000000000
   -0.348240792751    2.000000000000
    0.064644604921    2.000000000000
    1.648870706558    2.000000000000
    0.893683433533    2.000000000000
    0.743049263954    2.000000000000
   -0.120716333389    2.000000000000
    0.742917418480    2.000000000000
    0.363870710135    2.000000000000
    1.113794565201    2.000000000000
    0.804513275623    2.000000000000
    0.698833823204    2.000000000000
   -0.115436851978    2.000000000000
    1.472991347313    2.000000000000
    0.330899924040    2.000000000000
    1.914920806885    2.000000000000
   -1.319614887238    2.000000000000
    0.283078074455    2.000000000000
    0.518157124519    2.000000000000
    1.308370709419    2.000000000000
   -1.667009592056    2.000000000000
    0.976628422737    2.000000000000
    0.938732385635    2.000000000000
    1.223164558411    2.000000000000
    1.037958621979    2.000000000000
    0.399398267269    2.000000000000
    0.052484542131    2.000000000000
    0.264639139175    2.000000000000
    0.664380490780    2.000000000000
    1.164739370346    2.000000000000
   -0.316959917545    2.000000000000
    1.884608387947    2.000000000000
    0.526460111141    2.000000000000
    1.949291706085    2.000000000000
   -0.246353387833    2.000000000000
    1.803800821304    2.000000000000
    1.640555977821    2.000000000000
   -0.761490941048    2.000000000000
   -0.432944059372    2.000000000000
    0.132119208574    2.000000000000
    0.701146245003    2.000000000000
   -0.076273024082    2.000000000000
    0.777064800262    2.000000000000
   -0.020856440067    2.000000000000
    1.454008579254    2.000000000000
   -0.010909557343    2.000000000000
    0.093874841928    2.000000000000
   -1.115898966789    2.000000000000
    1.402035474777    2.000000000000
    0.045311421156    2.000000000000
   -0.229245960712    2.000000000000
    2.699822425842    2.000000000000
    0.323601245880    2.000000000000
    0.062233567238    2.000000000000
    1.188543319702    2.000000000000
    0.393567174673    2.000000000000
    0.691259622574    2.000000000000
    0.107678651810    2.000000000000
    0.652451872826    2.000000000000
    1.231444120407    2.000000000000
    0.163766235113    2.000000000000
    3.350865364075    2.000000000000
   -0.405361056328    2.000000000000
   -0.389413475990    2.000000000000
   -0.619668245316    2.000000000000
   -0.550211668015    2.000000000000
   -2.069895267487    2.000000000000
    0.202543914318    2.000000000000
   -0.088656604290    2.000000000000
    1.640743970871    2.000000000000
    0.942923903465    2.000000000000
    1.767594814301    2.000000000000
   -0.213057756424    2.000000000000
   -1.072384715080    2.000000000000
    0.648546099663    2.000000000000
    1.745196938515    2.000000000000
    0.653331875801    2.000000000000
    0.555608153343    2.000000000000
    0.535636663437    2.000000000000
    1.470038890839    2.000000000000
    0.266199648380    2.000000000000
    0.396782100201    2.000000000000
   -0.651554822922    2.000000000000
   -0.572764992714    2.000000000000
    1.456039905548    2.000000000000
    0.954704940319    2.000000000000
   -0.811802864075    2.000000000000
   -0.184363245964    2.000000000000
    1.792096734047    2.000000000000
    1.044268131256    2.000000000000
    1.441634654999    2.000000000000
    3.454505443573    2.000000000000
    0.544025540352    2.000000000000
   -1.192896962166    2.000000000000
    1.214046716690    2.000000000000
    1.006046175957    2.000000000000
    0.522937953472    2.000000000000
    1.550540685654    2.000000000000
   -0.459142625332    2.000000000000
    1.659462809563    2.000000000000
    0.708740830421    2.000000000000
    1.367097735405    2.000000000000
    0.094670712948    2.000000000000
    0.644979953766    2.000000000000
    2.234836578369    2.000000000000
    0.696029305458    2.000000000000
    1.428907155991    2.000000000000
   -0.644758105278    2.000000000000
   -0.766038298607    2.000000000000
    0.751551926136    2.000000000000
    0.460917502642    2.000000000000
   -0.248693585396    2.000000000000
    1.524306774139    2.000000000000
    0.340141505003    2.000000000000
    1.660012722015    2.000000000000
   -0.232064664364    2.000000000000
   -1.966359853745    2.000000000000
   -0.417333185673    2.000000000000
    0.698553681374    2.000000000000
    0.174036681652    2.000000000000
    0.837386131287    2.000000000000
    0.895571827888    2.000000000000
   -1.618965148926    2.000000000000
    1.232321500778    2.000000000000
    0.575588822365    2.000000000000
   -0.168872237206    2.000000000000
    0.759804785252    2.000000000000
    0.972782373428    2.000000000000
   -1.240008234978    2.000000000000
   -0.808836936951    2.000000000000
    0.545273840427    2.000000000000
    0.632322072983    2.000000000000
    1.444844007492    2.000000000000
    2.557017564774    2.000000000000
   -0.135064840317    2.000000000000
   -0.400311410427    2.000000000000
    1.223857402802    2.000000000000
    0.332586765289    2.000000000000
    1.211187124252    2.000000000000
    1.945878028870    2.000000000000
   -0.638305664062    2.000000000000
    1.282653808594    2.000000000000
    1.068778753281    2.000000000000
   -0.131782948971    2.000000000000
    0.410395830870    2.000000000000
    1.550779581070    2.000000000000
    0.361171126366    2.000000000000
    0.585096120834    2.000000000000
    0.294976830482    2.000000000000
   -0.694634556770    2.000000000000
    2.026515960693    2.000000000000
    0.827023863792    2.000000000000
    2.141030311584    2.000000000000
    0.303344279528    2.000000000000
    1.546740770340    2.000000000000
   -0.222892820835    2.000000000000
   -0.271825015545    2.000000000000
   -0.512721776962    2.000000000000
    1.609057664871    2.000000000000
   -1.016514897346    2.000000000000
    0.331722795963    2.000000000000
    2.401191711426    2.000000000000
   -1.633903980255    2.000000000000
    1.642871260643    2.000000000000
    2.155430316925    2.000000000000
    1.188073039055    2.000000000000
    0.940656304359    2.000000000000
    0.712391555309    2.000000000000
    1.106231927872    2.000000000000
   -0.508268713951    2.000000000000
    0.794441461563    2.000000000000
   -0.362611234188    2.000000000000
    0.459472477436    2.000000000000
    0.324442386627    2.000000000000
    1.354642629623    2.000000000000
    1.389231920242    2.000000000000
    1.514620900154    2.000000000000
    0.211573213339    2.000000000000
    0.625197172165    2.000000000000
   -0.751002430916    2.000000000000
   -0.124814450741    2.000000000000
   -0.152521371841    2.000000000000
    0.430092424154    2.000000000000
    0.217354565859    2.000000000000
    1.253217220306    2.000000000000
   -1.789132118225    2.000000000000
    0.213640093803    2.000000000000
   -1.035048961639    2.000000000000
    0.100498408079    2.000000000000
    1.672142505646    2.000000000000
   -0.219659447670    2.000000000000
    1.666296720505    2.000000000000
    1.128590703011    2.000000000000
    0.666602849960    2.000000000000
   -1.971792221069    2.000000000000
   -0.198361992836    2.000000000000
    1.185615777969    2.000000000000
    1.407639145851    2.000000000000
   -0.452856600285    2.000000000000
    0.802779316902    2.000000000000
   -0.112002253532    2.000000000000
    0.349952995777    2.000000000000
    2.570011138916    2.000000000000
    0.264242023230    2.000000000000
   -2.553389310837    2.000000000000
    0.467900514603    2.000000000000
    0.971117019653    2.000000000000
   -0.086048305035    2.000000000000
   -1.514320611954    2.000000000000
    1.181569099426    2.000000000000
    0.265950500965    2.000000000000
   -0.094611108303    2.000000000000
   -0.361727654934    2.000000000000
    0.666698575020    2.000000000000
    0.931564927101    2.000000000000
   -0.439347147942    2.000000000000
    0.585855603218    2.000000000000
   -0.114848375320    2.000000000000
   -0.759387135506    2.000000000000
    0.627441346645    2.000000000000
    0.172631442547    2.000000000000
    1.345676660538    2.000000000000
    1.043605327606    2.000000000000
    0.619114458561    2.000000000000
    0.821440756321    2.000000000000
    0.853668689728    2.000000000000
    1.102975726128    2.000000000000
    1.971718668938    2.000000000000
    0.032488107681    2.000000000000
    1.099839210510    2.000000000000
    1.783448457718    2.000000000000
   -1.751875400543    2.000000000000
    0.508691966534    2.000000000000
    0.468726903200    2.000000000000
   -0.782705545425    2.000000000000
    0.907622098923    2.000000000000
    0.490679770708    2.000000000000
   -0.429808855057    2.000000000000
   -0.795096993446    2.000000000000
    1.840716600418    2.000000000000
    1.058852195740    2.000000000000
    1.596672296524    2.000000000000
    0.254027545452    2.000000000000
    1.153557538986    2.000000000000
    0.461415052414    2.000000000000
   -0.725650668144    2.000000000000
    1.014111995697    2.000000000000
    0.681179881096    2.000000000000
   -0.474322855473    2.000000000000
    0.267931908369    2.000000000000
    1.352146029472    2.000000000000
   -2.758831262589    2.000000000000
    1.086884737015    2.000000000000
   -0.350149035454    2.000000000000
    0.103606224060    2.000000000000
    1.961441159248    2.000000000000
   -0.513654470444    2.000000000000
   -2.241226434708    2.000000000000
    0.490575164557    2.000000000000
    0.290212392807    2.000000000000
   -0.664068102837    2.000000000000
   -0.513519048691    2.000000000000
    2.387713432312    2.000000000000
    0.071785867214    2.000000000000
    0.279748439789    2.000000000000
    1.197065353394    2.000000000000
    1.248501539230    2.000000000000
   -0.271664321423    2.000000000000
   -0.718164086342    2.000000000000
   -0.833685636520    2.000000000000
    0.638132691383    2.000000000000
    1.210510253906    2.000000000000
   -0.707122683525    2.000000000000
   -0.093829751015    2.000000000000
   -0.136336445808    2.000000000000
    1.254227876663    2.000000000000
   -1.841316699982    2.000000000000
   -0.784478425980    2.000000000000
    1.600184798241    2.000000000000
    1.041161775589    2.000000000000
    0.484103024006    2.000000000000
    1.733753561974    2.000000000000
   -1.140183568001    2.000000000000
    0.549332320690    2.000000000000
    2.705167770386    2.000000000000
    1.628673553467    2.000000000000
    1.194425106049    2.000000000000
   -1.072155594826    2.000000000000
    0.834689855576    2.000000000000
    1.897409796715    2.000000000000
    1.875169634819    2.000000000000
    1.908301591873    2.000000000000
    0.961588978767    2.000000000000
    0.613120436668    2.000000000000
   -0.240183293819    2.000000000000
   -0.463857531548    2.000000000000
   -0.546635270119    2.000000000000
   -0.676856994629    2.000000000000
    0.554818511009    2.000000000000
    1.468728303909    2.000000000000
   -0.328757584095    2.000000000000
   -0.045927464962    2.000000000000
   -0.585084319115    2.000000000000
    1.929601311684    2.000000000000
    2.365777254105    2.000000000000
    0.236666023731    2.000000000000
   -0.074229300022    2.000000000000
    0.067993134260    2.000000000000
   -0.014635741711    2.000000000000
    0.767039835453    2.000000000000
   -1.383176207542    2.000000000000
    0.675680577755    2.000000000000
    0.237800598145    2.000000000000
    0.392732977867    2.000000000000
   -0.037106752396    2.000000000000
    1.311760902405    2.000000000000
    0.373842954636    2.000000000000
    2.428136825562    2.000000000000
   -1.671788692474    2.000000000000
   -0.468693196774    2.000000000000
    0.161588758230    2.000000000000
    0.610787928104    2.000000000000
    1.022533655167    2.000000000000
    1.106651306152    2.000000000000
   -0.989768505096    2.000000000000
    0.554680109024    2.000000000000
    0.569931268692    2.000000000000
    0.505353271961    2.000000000000
    0.427589595318    2.000000000000
    0.232832103968    2.000000000000
    0.581298887730    2.000000000000
   -0.090792059898    2.000000000000
    0.366816282272    2.000000000000
   -0.359824597836    2.000000000000
    0.939736902714    2.000000000000
    0.495593786240    2.000000000000
    0.529347836971    2.000000000000
   -0.325513005257    2.000000000000
    0.595661759377    2.000000000000
    2.225448608398    2.000000000000
    0.316946506500    2.000000000000
    0.978456377983    2.000000000000
   -1.206453442574    2.000000000000
    0.391567200422    2.000000000000
    1.194554567337    2.000000000000
    0.627966761589    2.000000000000
   -0.024862110615    2.000000000000
    1.510112524033    2.000000000000
    0.587237894535    2.000000000000
    2.145228862762    2.000000000000
    0.461500793695    2.000000000000
    0.060038685799    2.000000000000
    2.091639280319    2.000000000000
   -0.470758795738    2.000000000000
    0.217872023582    2.000000000000
    0.176217228174    2.000000000000
    1.392848968506    2.000000000000
    1.061606049538    2.000000000000
    1.433250427246    2.000000000000
   -0.745638966560    2.000000000000
    3.730364322662    2.000000000000
    1.048244357109    2.000000000000
    0.753146171570    2.000000000000
   -0.024559974670    2.000000000000
    2.276985168457    2.000000000000
