   -0.791320383549    1.000000000000
    0.449287444353    1.000000000000
   -1.060535788536    1.000000000000
    0.543134272099    1.000000000000
   -0.889702916145    1.000000000000
    1.762283086777    1.000000000000
    0.336352229118    1.000000000000
    1.304201126099    1.000000000000
   -0.027661550790    1.000000000000
    1.168261766434    1.000000000000
    0.599036812782    1.000000000000
    0.374376356602    1.000000000000
    1.049879550934    1.000000000000
    0.623960256577    1.000000000000
    0.225198373199    1.000000000000
   -0.330657809973    1.000000000000
    2.343880891800    1.000000000000
   -0.336545556784    1.000000000000
    0.346143484116    1.000000000000
    0.836233973503    1.000000000000
   -1.308752179146    1.000000000000
    0.083937384188    1.000000000000
   -1.524785280228    1.000000000000
    0.600934445858    1.000000000000
   -0.060636840761    1.000000000000
    0.664505004883    1.000000000000
    0.403614282608    1.000000000000
   -0.064481832087    1.000000000000
    0.381346285343    1.000000000000
    0.639511168003    1.000000000000
    0.852097272873    1.000000000000
    0.877740681171    1.000000000000
    0.193085163832    1.000000000000
    0.118375696242    1.000000000000
   -1.608702778816    1.000000000000
   -0.768684685230    1.000000000000
    0.100585065782    1.000000000000
    0.170900538564    1.000000000000
    0.532076597214    1.000000000000
    0.667560040951    1.000000000000
    0.401861220598    1.000000000000
   -0.518189251423    1.000000000000
    1.574046254158    1.000000000000
   -1.982834815979    1.000000000000
    1.436439752579    1.000000000000
   -1.040791511536    1.000000000000
   -1.681771039963    1.000000000000
    1.760189652443    1.000000000000
   -0.319332003593    1.000000000000
    1.154379725456    1.000000000000
   -0.015920061618    1.000000000000
   -0.525427460670    1.000000000000
    1.055107831955    1.000000000000
   -0.345270752907    1.000000000000
    0.532095372677    1.000000000000
   -0.173699989915    1.000000000000
    1.299661755562    1.000000000000
   -1.056536316872    1.000000000000
   -0.758906960487    1.000000000000
   -0.725073635578    1.000000000000
   -0.509854435921    1.000000000000
   -0.314078658819    1.000000000000
   -2.530292510986    1.000000000000
   -0.153613194823    1.000000000000
    0.909441590309    1.000000000000
   -0.956831753254    1.000000000000
   -0.423653483391    1.000000000000
   -0.751678764820    1.000000000000
    0.006710558664    1.000000000000
    0.844488561153    1.000000000000
    1.040474414825    1.000000000000
    0.516409337521    1.000000000000
   -0.338657140732    1.000000000000
    0.178154766560    1.000000000000
    0.146838337183    1.000000000000
    0.399215608835    1.000000000000
   -1.031660199165    1.000000000000
    0.884064257145    1.000000000000
   -0.209009081125    1.000000000000
   -0.339013427496    1.000000000000
   -1.007582426071    1.000000000000
    0.781397879124    1.000000000000
    0.987918436527    1.000000000000
    0.878748834133    1.000000000000
    1.734440565109    1.000000000000
    2.114618778229    1.000000000000
   -1.134584307671    1.000000000000
   -0.249534234405    1.000000000000
   -1.480965614319    1.000000000000
    0.412604242563    1.000000000000
   -1.272439599037    1.000000000000
    2.356340646744    1.000000000000
   -0.286407440901    1.000000000000
    1.461076736450    1.000000000000
    0.372782498598    1.000000000000
    1.920613765717    1.000000000000
    0.250213384628    1.000000000000
   -0.754829943180    1.000000000000
   -0.651256382465    1.000000000000
   -1.425137162209    1.000000000000
    0.774332821369    1.000000000000
    0.930790126324    1.000000000000
    0.367508590221    1.000000000000
   -0.741752922535    1.000000000000
   -0.270876348019    1.000000000000
    0.563575327396    1.000000000000
    0.914691090584    1.000000000000
    0.205035671592    1.000000000000
   -2.155388832092    1.000000000000
    0.248706892133    1.000000000000
    0.400512456894    1.000000000000
    0.765171468258    1.000000000000
   -1.539772510529    1.000000000000
    0.637896060944    1.000000000000
   -0.083378627896    1.000000000000
    0.750459492207    1.000000000000
    0.696413338184    1.000000000000
   -0.877422988415    1.000000000000
    1.658192396164    1.000000000000
   -0.546246469021    1.000000000000
    0.082490101457    1.000000000000
   -0.962284743786    1.000000000000
    0.828900456429    1.000000000000
    0.093249052763    1.000000000000
    0.766971409321    1.000000000000
   -0.077975399792    1.000000000000
    0.894631266594    1.000000000000
    1.138248562813    1.000000000000
   -1.251029253006    1.000000000000
   -1.132205128670    1.000000000000
   -0.503716170788    1.000000000000
    0.916346728802    1.000000000000
    0.711669743061    1.000000000000
    0.432138144970    1.000000000000
   -0.107043489814    1.000000000000
   -0.274849385023    1.000000000000
    0.061581209302    1.000000000000
    1.025241374969    1.000000000000
   -0.483227014542    1.000000000000
    0.659983992577    1.000000000000
    0.123303793371    1.000000000000
    0.140924155712    1.000000000000
    0.186924561858    1.000000000000
    0.252427726984    1.000000000000
    0.797819375992    1.000000000000
    0.443789660931    1.000000000000
   -0.354961544275    1.000000000000
    0.007991190068    1.000000000000
    0.195997595787    1.000000000000
   -0.202270627022    1.000000000000
   -0.885179340839    1.000000000000
   -0.128480434418    1.000000000000
    0.458244502544    1.000000000000
   -0.529414772987    1.000000000000
   -0.205852046609    1.000000000000
    1.166897296906    1.000000000000
   -1.612004280090    1.000000000000
   -1.333731174469    1.000000000000
    0.298219889402    1.000000000000
   -0.345774531364    1.000000000000
   -1.467809200287    1.000000000000
    0.670144379139    1.000000000000
   -1.470162034035    1.000000000000
    0.321218967438    1.000000000000
    1.553775191307    1.000000000000
   -0.807841956615    1.000000000000
   -0.812017917633    1.000000000000
    0.466613143682    1.000000000000
    0.911872148514    1.000000000000
    1.004428982735    1.000000000000
   -1.398154616356    1.000000000000
   -1.451134800911    1.000000000000
   -0.355876535177    1.000000000000
    1.793337225914    1.000000000000
   -0.092508271337    1.000000000000
    0.981537461281    1.000000000000
   -1.128791213036    1.000000000000
    0.443686783314    1.000000000000
   -0.970811605453    1.000000000000
    0.564441263676    1.000000000000
    0.044677618891    1.000000000000
   -0.138939678669    1.000000000000
   -0.008397373371    1.000000000000
   -1.739944696426    1.000000000000
   -0.482982248068    1.000000000000
   -2.195322751999    1.000000000000
    0.600756347179    1.000000000000
   -0.146669700742    1.000000000000
    0.672040045261    1.000000000000
   -0.857422053814    1.000000000000
   -2.149627208710    1.000000000000
    0.129013955593    1.000000000000
   -0.285305261612    1.000000000000
   -0.324726372957    1.000000000000
    0.889771103859    1.000000000000
    1.951737165451    1.000000000000
    0.112935513258    1.000000000000
    0.036674544215    1.000000000000
   -1.409934639931    1.000000000000
   -0.586451590061    1.000000000000
   -0.454045951366    1.000000000000
    0.785599350929    1.000000000000
    0.474980264902    1.000000000000
   -0.882569134235    1.000000000000
   -0.304692119360    1.000000000000
    0.963100433350    1.000000000000
    0.229544550180    1.000000000000
    1.989634752274    1.000000000000
    0.602088928223    1.000000000000
    1.389617562294    1.000000000000
    1.225593566895    1.000000000000
   -0.695059776306    1.000000000000
   -0.284505158663    1.000000000000
    0.414992153645    1.000000000000
    0.350498676300    1.000000000000
    0.444441944361    1.000000000000
   -1.017901778221    1.000000000000
    0.432953476906    1.000000000000
   -2.442015647888    1.000000000000
   -1.505845069885    1.000000000000
    0.229696094990    1.000000000000
    0.497025489807    1.000000000000
   -0.510605573654    1.000000000000
    1.914735317230    1.000000000000
    0.192932948470    1.000000000000
   -0.425102412701    1.000000000000
   -1.920135736465    1.000000000000
    0.730154573917    1.000000000000
    1.909755229950    1.000000000000
    1.995910406113    1.000000000000
   -0.120403379202    1.000000000000
    1.685840606689    1.000000000000
    0.319698154926    1.000000000000
   -0.935585200787    1.000000000000
    0.407975196838    1.000000000000
    1.923038721085    1.000000000000
    0.641575515270    1.000000000000
    1.321178078651    1.000000000000
   -1.250555276871    1.000000000000
    0.417164534330    1.000000000000
    1.838981986046    1.000000000000
   -1.240798115730    1.000000000000
   -0.853231847286    1.000000000000
   -0.852087736130    1.000000000000
   -0.178713724017    1.000000000000
   -0.821920514107    1.000000000000
   -0.314196139574    1.000000000000
    0.318072855473    1.000000000000
    0.429062455893    1.000000000000
   -0.967208445072    1.000000000000
   -0.049652561545    1.000000000000
   -0.251630425453    1.000000000000
   -1.190246939659    1.000000000000
    1.145429849625    1.000000000000
   -1.747602939606    1.000000000000
    0.199740380049    1.000000000000
   -1.496187448502    1.000000000000
   -0.455720007420    1.000000000000
    0.244671821594    1.000000000000
   -1.104055404663    1.000000000000
    1.567513942719    1.000000000000
    1.192618966103    1.000000000000
   -0.452615916729    1.000000000000
    1.477068066597    1.000000000000
    1.793543934822    1.000000000000
   -1.211490750313    1.000000000000
   -0.632705569267    1.000000000000
    1.737599849701    1.000000000000
   -0.708442270756    1.000000000000
   -0.231143280864    1.000000000000
    1.118620753288    1.000000000000
    0.630799949169    1.000000000000
   -0.504761755466    1.000000000000
   -0.140806928277    1.000000000000
   -0.234279423952    1.000000000000
    1.322556614876    1.000000000000
   -0.664025485516    1.000000000000
    0.234602659941    1.000000000000
    0.726311266422    1.000000000000
    0.341547042131    1.000000000000
    1.155562281609    1.000000000000
    0.687054634094    1.000000000000
   -0.291518628597    1.000000000000
   -0.946014583111    1.000000000000
    1.716718792915    1.000000000000
    0.773888766766    1.000000000000
    1.122467160225    1.000000000000
   -1.329737901688    1.000000000000
   -0.785233139992    1.000000000000
   -0.163249850273    1.000000000000
   -0.106079302728    1.000000000000
    2.404059171677    1.000000000000
   -0.721961617470    1.000000000000
   -0.405965268612    1.000000000000
    0.655412316322    1.000000000000
   -0.416119813919    1.000000000000
    0.307372838259    1.000000000000
    0.034954715520    1.000000000000
    0.009214718826    1.000000000000
    0.964670777321    1.000000000000
    0.097297027707    1.000000000000
   -0.060105729848    1.000000000000
    0.899873554707    1.000000000000
   -1.188943266869    1.000000000000
   -0.898600578308    1.000000000000
   -1.176803469658    1.000000000000
    0.993635654449    1.000000000000
    0.935024082661    1.000000000000
    1.530378103256    1.000000000000
    0.427519738674    1.000000000000
    1.030232310295    1.000000000000
   -0.050538230687    1.000000000000
   -0.223644062877    1.000000000000
   -0.066063843668    1.000000000000
    0.792250633240    1.000000000000
    1.062471270561    1.000000000000
   -0.095075428486    1.000000000000
    0.333765536547    1.000000000000
    0.094098806381    1.000000000000
    0.288610965014    1.000000000000
   -1.042043209076    1.000000000000
   -0.785781383514    1.000000000000
   -1.665868163109    1.000000000000
   -0.136807963252    1.000000000000
   -1.535744547844    1.000000000000
   -0.287204653025    1.000000000000
    1.561310410500    1.000000000000
    0.387229532003    1.000000000000
    1.481219887733    1.000000000000
    0.220772206783    1.000000000000
   -1.987001061440    1.000000000000
    0.243620947003    1.000000000000
    1.189594626427    1.000000000000
    1.773256897926    1.000000000000
   -3.393126010895    1.000000000000
   -0.261666059494    1.000000000000
   -0.027450758964    1.000000000000
   -0.554350614548    1.000000000000
    0.892109334469    1.000000000000
   -0.821475207806    1.000000000000
   -1.741803407669    1.000000000000
    0.275914788246    1.000000000000
    0.226787701249    1.000000000000
   -1.103901743889    1.000000000000
   -0.740981519222    1.000000000000
    0.849698245525    1.000000000000
    1.536672472954    1.000000000000
   -1.460950016975    1.000000000000
    0.318923324347    1.000000000000
   -0.413001000881    1.000000000000
    0.292401134968    1.000000000000
   -0.608462512493    1.000000000000
    2.668937921524    1.000000000000
    0.979287743568    1.000000000000
    0.245837509632    1.000000000000
   -0.216995835304    1.000000000000
   -1.028058648109    1.000000000000
    0.891023576260    1.000000000000
    0.042285490781    1.000000000000
    1.998489141464    1.000000000000
    0.700455427170    1.000000000000
    0.043468955904    1.000000000000
   -0.208212524652    1.000000000000
    0.846000194550    1.000000000000
    0.645141661167    1.000000000000
    0.284001320601    1.000000000000
   -0.196449413896    1.000000000000
   -0.479014247656    1.000000000000
   -1.739504218102    1.000000000000
   -0.048236284405    1.000000000000
   -1.514502882957    1.000000000000
   -0.578631937504    1.000000000000
   -1.670793175697    1.000000000000
    0.427179366350    1.000000000000
   -2.330088376999    1.000000000000
   -1.749625205994    1.000000000000
    1.330496430397    1.000000000000
    0.208503767848    1.000000000000
    0.396494090557    1.000000000000
   -1.656384229660    1.000000000000
    0.585831284523    1.000000000000
   -0.953785777092    1.000000000000
    1.224850177765    1.000000000000
    1.088281273842    1.000000000000
    0.762634336948    1.000000000000
   -0.589453399181    1.000000000000
   -1.654346346855    1.000000000000
    0.468326866627    1.000000000000
   -0.064009569585    1.000000000000
    1.104771018028    1.000000000000
   -1.268852353096    1.000000000000
   -0.615270793438    1.000000000000
   -1.155397891998    1.000000000000
   -0.400353550911    1.000000000000
    0.819427311420    1.000000000000
   -1.109938621521    1.000000000000
   -0.453373491764    1.000000000000
    2.592643260956    1.000000000000
   -1.214521646500    1.000000000000
   -0.232308223844    1.000000000000
    2.917458772659    1.000000000000
    0.024191599339    1.000000000000
    1.451545715332    1.000000000000
   -0.415682554245    1.000000000000
   -2.148257255554    1.000000000000
   -1.205725073814    1.000000000000
   -0.812472462654    1.000000000000
   -0.751374244690    1.000000000000
   -1.871955990791    1.000000000000
   -2.173139810562    1.000000000000
   -0.268502533436    1.000000000000
   -0.328212618828    1.000000000000
   -0.615852832794    1.000000000000
   -0.950635313988    1.000000000000
   -2.051058769226    1.000000000000
    0.908779203892    1.000000000000
   -1.160931825638    1.000000000000
    0.296438068151    1.000000000000
    0.159287810326    1.000000000000
   -0.146087497473    1.000000000000
    1.114757895470    1.000000000000
   -1.579754114151    1.000000000000
   -0.260006457567    1.000000000000
   -0.584670364857    1.000000000000
   -0.377266138792    1.000000000000
   -0.400844126940    1.000000000000
    0.647269248962    1.000000000000
   -1.200676798820    1.000000000000
   -2.190123081207    1.000000000000
   -0.880446970463    1.000000000000
   -0.214056298137    1.000000000000
    0.326071560383    1.000000000000
   -0.270398706198    1.000000000000
    1.756136655807    1.000000000000
   -0.821728706360    1.000000000000
   -1.203698396683    1.000000000000
   -0.549589574337    1.000000000000
    0.384312748909    1.000000000000
    0.053875625134    1.000000000000
   -1.108338713646    1.000000000000
    0.594528973103    1.000000000000
    0.558584094048    1.000000000000
    0.511493563652    1.000000000000
   -0.941388547421    1.000000000000
   -0.103178851306    1.000000000000
   -1.597303867340    1.000000000000
   -0.301184535027    1.000000000000
   -1.402287721634    1.000000000000
    0.090649664402    1.000000000000
    1.905647277832    1.000000000000
   -1.314750432968    1.000000000000
   -1.480638861656    1.000000000000
   -0.704242408276    1.000000000000
   -2.301771879196    1.000000000000
    0.996287822723    1.000000000000
   -1.437333345413    1.000000000000
   -1.433068394661    1.000000000000
   -0.560879290104    1.000000000000
    0.697348475456    1.000000000000
    0.729686796665    1.000000000000
   -0.218995019794    1.000000000000
    0.434312105179    1.000000000000
   -0.992627203465    1.000000000000
    1.121089696884    1.000000000000
   -0.986106574535    1.000000000000
    0.735082447529    1.000000000000
   -0.437740325928    1.000000000000
    0.309906601906    1.000000000000
   -0.809830904007    1.000000000000
    1.001244425774    1.000000000000
    0.405579358339    1.000000000000
   -0.037273563445    1.000000000000
    0.273680746555    1.000000000000
    0.984398841858    1.000000000000
   -0.201389297843    1.000000000000
   -0.380199044943    1.000000000000
   -0.627414226532    1.000000000000
   -0.240558415651    1.000000000000
   -0.963962554932    1.000000000000
   -0.342168778181    1.000000000000
    1.145166635513    1.000000000000
   -1.496492266655    1.000000000000
    0.845605492592    1.000000000000
   -0.469459027052    1.000000000000
   -0.580213427544    1.000000000000
   -0.688230037689    1.000000000000
   -0.259037762880    1.000000000000
    0.721868693829    1.000000000000
   -0.028471881524    1.000000000000
   -0.901784956455    1.000000000000
   -0.699751019478    1.000000000000
   -0.215588957071    1.000000000000
    0.032136201859    1.000000000000
    0.754074394703    1.000000000000
    0.555589377880    1.000000000000
   -0.968633055687    1.000000000000
   -0.639759302139    1.000000000000
   -1.455129623413    1.000000000000
   -0.793296456337    1.000000000000
   -0.810551643372    1.000000000000
   -0.568648397923    1.000000000000
    0.702665686607    1.000000000000
    0.171308457851    1.000000000000
    1.678325772285    1.000000000000
    0.495579957962    1.000000000000
   -1.076451182365    1.000000000000
   -1.440287947655    1.000000000000
    1.598128199577    1.000000000000
   -0.044093698263    1.000000000000
    0.749926388264    1.000000000000
    0.391815304756    1.000000000000
    1.064205408096    1.000000000000
    1.262603044510    1.000000000000
    2.037015914917    1.000000000000
   -1.055875778198    1.000000000000
   -0.966570317745    1.000000000000
   -0.592694997787    1.000000000000
    1.077742218971    1.000000000000
    0.803117811680    1.000000000000
   -0.222609654069    1.000000000000
    0.333051651716    1.000000000000
   -0.302568405867    1.000000000000
    0.998050451279    1.000000000000
    0.860362589359    1.000000000000
    0.413291513920    1.000000000000
   -0.024175969884    1.000000000000
    0.456798225641    1.000000000000
   -0.304183781147    1.000000000000
    0.749972879887    1.000000000000
    0.267608255148    1.000000000000
   -1.286388993263    1.000000000000
    1.416446447372    1.000000000000
    0.516729533672    1.000000000000
    0.940672874451    1.000000000000
    1.610016703606    1.000000000000
    0.621265649796    1.000000000000
   -0.190266191959    1.000000000000
   -0.808312058449    1.000000000000
   -1.119385242462    1.000000000000
   -0.945211529732    1.000000000000
   -0.013656811789    1.000000000000
    0.237380713224    1.000000000000
   -1.188654422760    1.000000000000
    1.307850241661    1.000000000000
    0.612220823765    1.000000000000
    1.312530398369    1.000000000000
    1.574236512184    1.000000000000
   -1.268831133842    1.000000000000
    0.289148658514    1.000000000000
   -0.388146728277    1.000000000000
    0.029798237607    1.000000000000
    1.413136363029    1.000000000000
   -1.432314991951    1.000000000000
    1.592749118805    1.000000000000
   -0.313283085823    1.000000000000
   -1.262438893318    1.000000000000
    2.072575330734    1.000000000000
   -0.508491158485    1.000000000000
   -0.621454238892    1.000000000000
   -0.711267232895    1.000000000000
    0.549785196781    1.000000000000
   -0.198516830802    1.000000000000
    0.632818043232    1.000000000000
   -0.260836690664    1.000000000000
   -0.373136848211    1.000000000000
    0.497447222471    1.000000000000
    0.403911918402    1.000000000000
    0.223460823298    1.000000000000
   -0.145914703608    1.000000000000
    0.086909905076    1.000000000000
    0.183956936002    1.000000000000
    1.543781876564    1.000000000000
    0.670489847660    1.000000000000
    1.105705738068    1.000000000000
   -0.464212059975    1.000000000000
   -1.475658178329    1.000000000000
    2.221407175064    1.000000000000
   -0.125555098057    1.000000000000
   -0.384571701288    1.000000000000
   -0.847335040569    1.000000000000
    0.088831312954    1.000000000000
   -0.673842787743    1.000000000000
    0.224959999323    1.000000000000
    0.725719511509    1.000000000000
    0.875460267067    1.000000000000
    0.946250796318    1.000000000000
    0.568439722061    1.000000000000
   -0.560319602489    1.000000000000
    2.234875917435    1.000000000000
   -1.992930531502    1.000000000000
   -1.008753418922    1.000000000000
   -0.707935929298    1.000000000000
   -1.468182682991    1.000000000000
    0.222227707505    1.000000000000
    0.303839564323    1.000000000000
   -1.744056820869    1.000000000000
   -1.339705944061    1.000000000000
    1.072253108025    1.000000000000
   -2.577072143555    1.000000000000
    0.047274436802    1.000000000000
   -0.220943868160    2.000000000000
   -1.111607909203    2.000000000000
    0.303040474653    2.000000000000
   -0.771520376205    2.000000000000
    0.727469146252    2.000000000000
    0.455021709204    2.000000000000
    0.277953267097    2.000000000000
    0.022961815819    2.000000000000
   -1.143363833427    2.000000000000
   -0.472556650639    2.000000000000
   -0.616294562817    2.000000000000
    0.640678644180    2.000000000000
   -1.473457574844    2.000000000000
   -0.179661184549    2.000000000000
    0.238106161356    2.000000000000
    0.173765420914    2.000000000000
    1.833876252174    2.000000000000
    0.267112851143    2.000000000000
   -0.068100176752    2.000000000000
    0.131686374545    2.000000000000
    0.006847151555    2.000000000000
    1.015090584755    2.000000000000
    1.006958961487    2.000000000000
   -0.887412369251    2.000000000000
    1.746705293655    2.000000000000
   -0.526211917400    2.000000000000
   -1.440350651741    2.000000000000
   -1.893503665924    2.000000000000
    0.632785797119    2.000000000000
    0.507731735706    2.000000000000
   -0.297302424908    2.000000000000
    2.810385465622    2.000000000000
   -0.897057473660    2.000000000000
   -0.543485224247    2.000000000000
   -1.308079600334    2.000000000000
    1.308062791824    2.000000000000
   -0.785904467106    2.000000000000
   -0.480341136456    2.000000000000
    1.361877322197    2.000000000000
    0.549390196800    2.000000000000
   -0.761132597923    2.000000000000
    0.996770620346    2.000000000000
   -0.295502752066    2.000000000000
    0.263352900743    2.000000000000
    0.224364578724    2.000000000000
    0.839748144150    2.000000000000
   -0.704158544540    2.000000000000
    0.276549190283    2.000000000000
    0.192428261042    2.000000000000
   -0.035762902349    2.000000000000
    0.035487826914    2.000000000000
    1.026801943779    2.000000000000
   -0.433025062084    2.000000000000
   -0.124594718218    2.000000000000
   -0.228173643351    2.000000000000
    0.518881320953    2.000000000000
   -1.007968425751    2.000000000000
    0.693961441517    2.000000000000
   -1.070507049561    2.000000000000
   -0.145854830742    2.000000000000
   -0.122056350112    2.000000000000
    0.307964891195    2.000000000000
   -0.776112139225    2.000000000000
    0.327890515327    2.000000000000
    0.790036559105    2.000000000000
   -1.739984154701    2.000000000000
    0.230200037360    2.000000000000
   -0.552049696445    2.000000000000
    1.580270290375    2.000000000000
   -0.578222095966    2.000000000000
    1.257366776466    2.000000000000
   -0.017035882920    2.000000000000
   -0.140217736363    2.000000000000
   -0.037603408098    2.000000000000
    0.301387786865    2.000000000000
    1.288755059242    2.000000000000
   -1.945308208466    2.000000000000
   -0.171323508024    2.000000000000
    0.307155072689    2.000000000000
   -1.015058040619    2.000000000000
    0.464228868484    2.000000000000
    0.537370502949    2.000000000000
   -1.144706845284    2.000000000000
   -0.841000020504    2.000000000000
    1.132364511490    2.000000000000
   -1.848379135132    2.000000000000
    1.504103660583    2.000000000000
    2.005102634430    2.000000000000
    1.490500092506    2.000000000000
   -0.265273004770    2.000000000000
    0.386971265078    2.000000000000
   -0.863388240337    2.000000000000
    0.233952343464    2.000000000000
    0.943150579929    2.000000000000
   -0.714412212372    2.000000000000
   -0.775828063488    2.000000000000
   -1.553044199944    2.000000000000
   -0.265799075365    2.000000000000
    0.800009429455    2.000000000000
   -0.971204757690    2.000000000000
    0.386977195740    2.000000000000
   -0.677512645721    2.000000000000
    0.234636262059    2.000000000000
   -0.052877716720    2.000000000000
   -1.465150237083    2.000000000000
   -0.195678159595    2.000000000000
   -1.691742897034    2.000000000000
    0.952138304710    2.000000000000
    0.231754392385    2.000000000000
   -1.166073918343    2.000000000000
   -0.061542302370    2.000000000000
    1.598414063454    2.000000000000
   -0.042657233775    2.000000000000
   -0.627812266350    2.000000000000
    0.419731825590    2.000000000000
    0.243096113205    2.000000000000
    0.462713599205    2.000000000000
   -0.569128453732    2.000000000000
   -0.724453508854    2.000000000000
   -0.250138103962    2.000000000000
    0.027858991176    2.000000000000
    0.623071551323    2.000000000000
    0.420340687037    2.000000000000
   -0.555572807789    2.000000000000
   -0.884484589100    2.000000000000
    0.167468860745    2.000000000000
   -0.203181132674    2.000000000000
    0.353037089109    2.000000000000
    1.382093310356    2.000000000000
   -0.586513340473    2.000000000000
   -0.901670515537    2.000000000000
    1.790274143219    2.000000000000
    0.732815384865    2.000000000000
    0.945766866207    2.000000000000
   -0.913654804230    2.000000000000
   -1.558896899223    2.000000000000
    0.903605878353    2.000000000000
   -0.344319015741    2.000000000000
    1.736397624016    2.000000000000
   -0.188115984201    2.000000000000
   -0.249674573541    2.000000000000
    0.850822329521    2.000000000000
   -0.834878981113    2.000000000000
    0.825337052345    2.000000000000
    0.814949750900    2.000000000000
   -1.224458575249    2.000000000000
   -2.762483119965    2.000000000000
    2.223597049713    2.000000000000
   -0.530369579792    2.000000000000
    1.628128290176    2.000000000000
   -2.002107620239    2.000000000000
    1.658175945282    2.000000000000
   -0.052803006023    2.000000000000
    0.245743617415    2.000000000000
   -0.475342154503    2.000000000000
    0.236196070910    2.000000000000
    1.355605125427    2.000000000000
    0.038860198110    2.000000000000
    0.907304525375    2.000000000000
   -0.011562559754    2.000000000000
    1.270354628563    2.000000000000
   -0.654974043369    2.000000000000
    0.306687533855    2.000000000000
   -1.944343686104    2.000000000000
    0.351523280144    2.000000000000
    0.450823664665    2.000000000000
    0.541549682617    2.000000000000
   -0.070774100721    2.000000000000
   -1.869940161705    2.000000000000
    2.012987136841    2.000000000000
    0.126068368554    2.000000000000
    0.410754442215    2.000000000000
    0.581164956093    2.000000000000
   -0.334868878126    2.000000000000
    0.075899921358    2.000000000000
   -0.509696364403    2.000000000000
   -0.807999014854    2.000000000000
    0.553018391132    2.000000000000
   -0.802026569843    2.000000000000
    1.587427973747    2.000000000000
   -0.265875875950    2.000000000000
    1.275734305382    2.000000000000
   -0.389691472054    2.000000000000
    0.661653041840    2.000000000000
   -1.116760611534    2.000000000000
    1.699974298477    2.000000000000
    1.385889172554    2.000000000000
   -0.370183467865    2.000000000000
    0.072354778647    2.000000000000
    1.414810657501    2.000000000000
   -0.544271528721    2.000000000000
   -2.099321365356    2.000000000000
    1.254199981689    2.000000000000
   -0.619827330112    2.000000000000
   -1.019435286522    2.000000000000
   -1.448519110680    2.000000000000
   -1.392538547516    2.000000000000
   -0.050810202956    2.000000000000
   -0.286989897490    2.000000000000
   -1.525226950645    2.000000000000
   -1.702626228333    2.000000000000
    1.221240639687    2.000000000000
    0.713112771511    2.000000000000
   -0.673537015915    2.000000000000
    0.060447949916    2.000000000000
   -0.455033302307    2.000000000000
   -0.182828843594    2.000000000000
   -1.154142975807    2.000000000000
    2.501233816147    2.000000000000
    0.251776963472    2.000000000000
   -0.913811206818    2.000000000000
   -0.415783137083    2.000000000000
    0.680545449257    2.000000000000
   -1.156035065651    2.000000000000
    0.904693245888    2.000000000000
   -0.641867518425    2.000000000000
    1.727694988251    2.000000000000
    1.209151625633    2.000000000000
    0.153496876359    2.000000000000
   -0.780179083347    2.000000000000
    1.237800002098    2.000000000000
   -1.153279423714    2.000000000000
    0.231891989708    2.000000000000
   -0.066201478243    2.000000000000
    1.177083849907    2.000000000000
    2.087049722672    2.000000000000
   -3.001234054565    2.000000000000
    0.804832100868    2.000000000000
    1.271847367287    2.000000000000
    0.553773105145    2.000000000000
    0.542809307575    2.000000000000
    1.413044691086    2.000000000000
   -0.203681692481    2.000000000000
    0.140971153975    2.000000000000
   -1.014952182770    2.000000000000
   -0.219306617975    2.000000000000
   -0.848240792751    2.000000000000
   -0.435355395079    2.000000000000
    1.148870706558    2.000000000000
    0.393683463335    2.000000000000
    0.243049278855    2.000000000000
   -0.620716333389    2.000000000000
    0.242917448282    2.000000000000
   -0.136129289865    2.000000000000
    0.613794505596    2.000000000000
    0.304513275623    2.000000000000
    0.198833793402    2.000000000000
   -0.615436851978    2.000000000000
    0.972991347313    2.000000000000
   -0.169100075960    2.000000000000
    1.414920806885    2.000000000000
   -1.819614887238    2.000000000000
   -0.216921910644    2.000000000000
    0.018157107756    2.000000000000
    0.808370709419    2.000000000000
   -2.167009592056    2.000000000000
    0.476628392935    2.000000000000
    0.438732355833    2.000000000000
    0.723164618015    2.000000000000
    0.537958681583    2.000000000000
   -0.100601725280    2.000000000000
   -0.447515457869    2.000000000000
   -0.235360845923    2.000000000000
    0.164380490780    2.000000000000
    0.664739310741    2.000000000000
   -0.816959917545    2.000000000000
    1.384608387947    2.000000000000
    0.026460090652    2.000000000000
    1.449291706085    2.000000000000
   -0.746353387833    2.000000000000
    1.303800821304    2.000000000000
    1.140555977821    2.000000000000
   -1.261490941048    2.000000000000
   -0.932944059372    2.000000000000
   -0.367880791426    2.000000000000
    0.201146259904    2.000000000000
   -0.576273024082    2.000000000000
    0.277064830065    2.000000000000
   -0.520856440067    2.000000000000
    0.954008638859    2.000000000000
   -0.510909557343    2.000000000000
   -0.406125158072    2.000000000000
   -1.615898966789    2.000000000000
    0.902035415173    2.000000000000
   -0.454688578844    2.000000000000
   -0.729245960712    2.000000000000
    2.199822425842    2.000000000000
   -0.176398769021    2.000000000000
   -0.437766432762    2.000000000000
    0.688543379307    2.000000000000
   -0.106432817876    2.000000000000
    0.191259592772    2.000000000000
   -0.392321348190    2.000000000000
    0.152451872826    2.000000000000
    0.731444060802    2.000000000000
   -0.336233764887    2.000000000000
    2.850865364075    2.000000000000
   -0.905361056328    2.000000000000
   -0.889413475990    2.000000000000
   -1.119668245316    2.000000000000
   -1.050211668015    2.000000000000
   -2.569895267487    2.000000000000
   -0.297456085682    2.000000000000
   -0.588656604290    2.000000000000
    1.140743970871    2.000000000000
    0.442923903465    2.000000000000
    1.267594814301    2.000000000000
   -0.713057756424    2.000000000000
   -1.572384715080    2.000000000000
    0.148546114564    2.000000000000
    1.245196938515    2.000000000000
    0.153331905603    2.000000000000
    0.055608149618    2.000000000000
    0.035636637360    2.000000000000
    0.970038831234    2.000000000000
   -0.233800366521    2.000000000000
   -0.103217907250    2.000000000000
   -1.151554822922    2.000000000000
   -1.072764992714    2.000000000000
    0.956039965153    2.000000000000
    0.454704940319    2.000000000000
   -1.311802864075    2.000000000000
   -0.684363245964    2.000000000000
    1.292096734047    2.000000000000
    0.544268190861    2.000000000000
    0.941634595394    2.000000000000
    2.954505443573    2.000000000000
    0.044025510550    2.000000000000
   -1.692896962166    2.000000000000
    0.714046716690    2.000000000000
    0.506046175957    2.000000000000
    0.022937946022    2.000000000000
    1.050540685654    2.000000000000
   -0.959142625332    2.000000000000
    1.159462809563    2.000000000000
    0.208740800619    2.000000000000
    0.867097735405    2.000000000000
   -0.405329287052    2.000000000000
    0.144979953766    2.000000000000
    1.734836459160    2.000000000000
    0.196029335260    2.000000000000
    0.928907096386    2.000000000000
   -1.144758105278    2.000000000000
   -1.266038298607    2.000000000000
    0.251551926136    2.000000000000
   -0.039082493633    2.000000000000
   -0.748693585396    2.000000000000
    1.024306774139    2.000000000000
   -0.159858494997    2.000000000000
    1.160012722015    2.000000000000
   -0.732064664364    2.000000000000
   -2.466359853745    2.000000000000
   -0.917333185673    2.000000000000
    0.198553651571    2.000000000000
   -0.325963318348    2.000000000000
    0.337386131287    2.000000000000
    0.395571857691    2.000000000000
   -2.118965148926    2.000000000000
    0.732321441174    2.000000000000
    0.075588829815    2.000000000000
   -0.668872237206    2.000000000000
    0.259804785252    2.000000000000
    0.472782343626    2.000000000000
   -1.740008234978    2.000000000000
   -1.308836936951    2.000000000000
    0.045273836702    2.000000000000
    0.132322043180    2.000000000000
    0.944844007492    2.000000000000
    2.057017564774    2.000000000000
   -0.635064840317    2.000000000000
   -0.900311410427    2.000000000000
    0.723857462406    2.000000000000
   -0.167413249612    2.000000000000
    0.711187124252    2.000000000000
    1.445878028870    2.000000000000
   -1.138305664062    2.000000000000
    0.782653808594    2.000000000000
    0.568778693676    2.000000000000
   -0.631782948971    2.000000000000
   -0.089604161680    2.000000000000
    1.050779581070    2.000000000000
   -0.138828888535    2.000000000000
    0.085096098483    2.000000000000
   -0.205023169518    2.000000000000
   -1.194634556770    2.000000000000
    1.526515960693    2.000000000000
    0.327023863792    2.000000000000
    1.641030311584    2.000000000000
   -0.196655720472    2.000000000000
    1.046740770340    2.000000000000
   -0.722892820835    2.000000000000
   -0.771825015545    2.000000000000
   -1.012721776962    2.000000000000
    1.109057664871    2.000000000000
   -1.516514897346    2.000000000000
   -0.168277189136    2.000000000000
    1.901191830635    2.000000000000
   -2.133903980255    2.000000000000
    1.142871260643    2.000000000000
    1.655430316925    2.000000000000
    0.688073039055    2.000000000000
    0.440656304359    2.000000000000
    0.212391570210    2.000000000000
    0.606231868267    2.000000000000
   -1.008268713951    2.000000000000
    0.294441491365    2.000000000000
   -0.862611234188    2.000000000000
   -0.040527518839    2.000000000000
   -0.175557628274    2.000000000000
    0.854642689228    2.000000000000
    0.889231860638    2.000000000000
    1.014620900154    2.000000000000
   -0.288426786661    2.000000000000
    0.125197142363    2.000000000000
   -1.251002430916    2.000000000000
   -0.624814450741    2.000000000000
   -0.652521371841    2.000000000000
   -0.069907575846    2.000000000000
   -0.282645434141    2.000000000000
    0.753217160702    2.000000000000
   -2.289132118225    2.000000000000
   -0.286359906197    2.000000000000
   -1.535048961639    2.000000000000
   -0.399501591921    2.000000000000
    1.172142505646    2.000000000000
   -0.719659447670    2.000000000000
    1.166296720505    2.000000000000
    0.628590703011    2.000000000000
    0.166602879763    2.000000000000
   -2.471792221069    2.000000000000
   -0.698361992836    2.000000000000
    0.685615777969    2.000000000000
    0.907639145851    2.000000000000
   -0.952856600285    2.000000000000
    0.302779346704    2.000000000000
   -0.612002253532    2.000000000000
   -0.150047019124    2.000000000000
    2.070011138916    2.000000000000
   -0.235757976770    2.000000000000
   -3.053389310837    2.000000000000
   -0.032099489123    2.000000000000
    0.471116989851    2.000000000000
   -0.586048305035    2.000000000000
   -2.014320611954    2.000000000000
    0.681569159031    2.000000000000
   -0.234049499035    2.000000000000
   -0.594611108303    2.000000000000
   -0.861727654934    2.000000000000
    0.166698545218    2.000000000000
    0.431564897299    2.000000000000
   -0.939347147942    2.000000000000
    0.085855633020    2.000000000000
   -0.614848375320    2.000000000000
   -1.259387135506    2.000000000000
    0.127441346645    2.000000000000
   -0.327368557453    2.000000000000
    0.845676720142    2.000000000000
    0.543605268002    2.000000000000
    0.119114458561    2.000000000000
    0.321440756321    2.000000000000
    0.353668659925    2.000000000000
    0.602975726128    2.000000000000
    1.471718668938    2.000000000000
   -0.467511892319    2.000000000000
    0.599839210510    2.000000000000
    1.283448457718    2.000000000000
   -2.251875400543    2.000000000000
    0.008691975847    2.000000000000
   -0.031273100525    2.000000000000
   -1.282705545425    2.000000000000
    0.407622098923    2.000000000000
   -0.009320226498    2.000000000000
   -0.929808855057    2.000000000000
   -1.295096993446    2.000000000000
    1.340716600418    2.000000000000
    0.558852255344    2.000000000000
    1.096672296524    2.000000000000
   -0.245972454548    2.000000000000
    0.653557538986    2.000000000000
   -0.038584932685    2.000000000000
   -1.225650668144    2.000000000000
    0.514111995697    2.000000000000
    0.181179866195    2.000000000000
   -0.974322855473    2.000000000000
   -0.232068091631    2.000000000000
    0.852146029472    2.000000000000
   -3.258831262589    2.000000000000
    0.586884796619    2.000000000000
   -0.850149035454    2.000000000000
   -0.396393775940    2.000000000000
    1.461441159248    2.000000000000
   -1.013654470444    2.000000000000
   -2.741226434708    2.000000000000
   -0.009424847551    2.000000000000
   -0.209787592292    2.000000000000
   -1.164068102837    2.000000000000
   -1.013519048691    2.000000000000
    1.887713313103    2.000000000000
   -0.428214132786    2.000000000000
   -0.220251545310    2.000000000000
    0.697065353394    2.000000000000
    0.748501479626    2.000000000000
   -0.771664321423    2.000000000000
   -1.218164086342    2.000000000000
   -1.333685636520    2.000000000000
    0.138132691383    2.000000000000
    0.710510313511    2.000000000000
   -1.207122683525    2.000000000000
   -0.593829751015    2.000000000000
   -0.636336445808    2.000000000000
    0.754227817059    2.000000000000
   -2.341316699982    2.000000000000
   -1.284478425980    2.000000000000
    1.100184798241    2.000000000000
    0.541161715984    2.000000000000
   -0.015896990895    2.000000000000
    1.233753561974    2.000000000000
   -1.640183568001    2.000000000000
    0.049332320690    2.000000000000
    2.205167770386    2.000000000000
    1.128673553467    2.000000000000
    0.694425165653    2.000000000000
   -1.572155594826    2.000000000000
    0.334689885378    2.000000000000
    1.397409796715    2.000000000000
    1.375169634819    2.000000000000
    1.408301591873    2.000000000000
    0.461588948965    2.000000000000
    0.113120451570    2.000000000000
   -0.740183293819    2.000000000000
   -0.963857531548    2.000000000000
   -1.046635270119    2.000000000000
   -1.176856994629    2.000000000000
    0.054818507284    2.000000000000
    0.968728363514    2.000000000000
   -0.828757584095    2.000000000000
   -0.545927464962    2.000000000000
   -1.085084319115    2.000000000000
    1.429601311684    2.000000000000
    1.865777254105    2.000000000000
   -0.263333976269    2.000000000000
   -0.574229300022    2.000000000000
   -0.432006865740    2.000000000000
   -0.514635741711    2.000000000000
    0.267039835453    2.000000000000
   -1.883176207542    2.000000000000
    0.175680592656    2.000000000000
   -0.262199401855    2.000000000000
   -0.107267022133    2.000000000000
   -0.537106752396    2.000000000000
    0.811760842800    2.000000000000
   -0.126157030463    2.000000000000
    1.928136825562    2.000000000000
   -2.171788692474    2.000000000000
   -0.968693196774    2.000000000000
   -0.338411241770    2.000000000000
    0.110787928104    2.000000000000
    0.522533714771    2.000000000000
    0.606651306152    2.000000000000
   -1.489768505096    2.000000000000
    0.054680116475    2.000000000000
    0.069931268692    2.000000000000
    0.005353264976    2.000000000000
   -0.072410419583    2.000000000000
   -0.267167896032    2.000000000000
    0.081298872828    2.000000000000
   -0.590792059898    2.000000000000
   -0.133183732629    2.000000000000
   -0.859824597836    2.000000000000
    0.439736902714    2.000000000000
   -0.004406215157    2.000000000000
    0.029347859323    2.000000000000
   -0.825513005257    2.000000000000
    0.095661759377    2.000000000000
    1.725448727608    2.000000000000
   -0.183053508401    2.000000000000
    0.478456407785    2.000000000000
   -1.706453442574    2.000000000000
   -0.108432792127    2.000000000000
    0.694554626942    2.000000000000
    0.127966731787    2.000000000000
   -0.524862110615    2.000000000000
    1.010112524033    2.000000000000
    0.087237879634    2.000000000000
    1.645228862762    2.000000000000
   -0.038499213755    2.000000000000
   -0.439961314201    2.000000000000
    1.591639280319    2.000000000000
   -0.970758795738    2.000000000000
   -0.282127976418    2.000000000000
   -0.323782771826    2.000000000000
    0.892849028111    2.000000000000
    0.561606049538    2.000000000000
    0.933250367641    2.000000000000
   -1.245638966560    2.000000000000
    3.230364322662    2.000000000000
    0.548244357109    2.000000000000
    0.253146201372    2.000000000000
   -0.524559974670    2.000000000000
    1.776985287666    2.000000000000
