   -0.791320383549    1.000000000000
    0.449287444353    1.000000000000
   -1.060535788536    1.000000000000
    0.543134272099    1.000000000000
   -0.889702916145    1.000000000000
    1.762283086777    1.000000000000
    0.336352229118    1.000000000000
    1.304201126099    1.000000000000
   -0.027661550790    1.000000000000
    1.168261766434    1.000000000000
    0.599036812782    1.000000000000
    0.374376356602    1.000000000000
    1.049879550934    1.000000000000
    0.623960256577    1.000000000000
    0.225198373199    1.000000000000
   -0.330657809973    1.000000000000
    2.343880891800    1.000000000000
   -0.336545556784    1.000000000000
    0.346143484116    1.000000000000
    0.836233973503    1.000000000000
   -1.308752179146    1.000000000000
    0.083937384188    1.000000000000
   -1.524785280228    1.000000000000
    0.600934445858    1.000000000000
   -0.060636840761    1.000000000000
    0.664505004883    1.000000000000
    0.403614282608    1.000000000000
   -0.064481832087    1.000000000000
    0.381346285343    1.000000000000
    0.639511168003    1.000000000000
    0.852097272873    1.000000000000
    0.877740681171    1.000000000000
    0.193085163832    1.000000000000
    0.118375696242    1.000000000000
   -1.608702778816    1.000000000000
   -0.768684685230    1.000000000000
    0.100585065782    1.000000000000
    0.170900538564    1.000000000000
    0.532076597214    1.000000000000
    0.667560040951    1.000000000000
    0.401861220598    1.000000000000
   -0.518189251423    1.000000000000
    1.574046254158    1.000000000000
   -1.982834815979    1.000000000000
    1.436439752579    1.000000000000
   -1.040791511536    1.000000000000
   -1.681771039963    1.000000000000
    1.760189652443    1.000000000000
   -0.319332003593    1.000000000000
    1.154379725456    1.000000000000
   -0.015920061618    1.000000000000
   -0.525427460670    1.000000000000
    1.055107831955    1.000000000000
   -0.345270752907    1.000000000000
    0.532095372677    1.000000000000
   -0.173699989915    1.000000000000
    1.299661755562    1.000000000000
   -1.056536316872    1.000000000000
   -0.758906960487    1.000000000000
   -0.725073635578    1.000000000000
   -0.509854435921    1.000000000000
   -0.314078658819    1.000000000000
   -2.530292510986    1.000000000000
   -0.153613194823    1.000000000000
    0.909441590309    1.000000000000
   -0.956831753254    1.000000000000
   -0.423653483391    1.000000000000
   -0.751678764820    1.000000000000
    0.006710558664    1.000000000000
    0.844488561153    1.000000000000
    1.040474414825    1.000000000000
    0.516409337521    1.000000000000
   -0.338657140732    1.000000000000
    0.178154766560    1.000000000000
    0.146838337183    1.000000000000
    0.399215608835    1.000000000000
   -1.031660199165    1.000000000000
    0.884064257145    1.000000000000
   -0.209009081125    1.000000000000
   -0.339013427496    1.000000000000
   -1.007582426071    1.000000000000
    0.781397879124    1.000000000000
    0.987918436527    1.000000000000
    0.878748834133    1.000000000000
    1.734440565109    1.000000000000
    2.114618778229    1.000000000000
   -1.134584307671    1.000000000000
   -0.249534234405    1.000000000000
   -1.480965614319    1.000000000000
    0.412604242563    1.000000000000
   -1.272439599037    1.000000000000
    2.356340646744    1.000000000000
   -0.286407440901    1.000000000000
    1.461076736450    1.000000000000
    0.372782498598    1.000000000000
    1.920613765717    1.000000000000
    0.250213384628    1.000000000000
   -0.754829943180    1.000000000000
   -0.651256382465    1.000000000000
   -1.425137162209    1.000000000000
    0.774332821369    1.000000000000
    0.930790126324    1.000000000000
    0.367508590221    1.000000000000
   -0.741752922535    1.000000000000
   -0.270876348019    1.000000000000
    0.563575327396    1.000000000000
    0.914691090584    1.000000000000
    0.205035671592    1.000000000000
   -2.155388832092    1.000000000000
    0.248706892133    1.000000000000
    0.400512456894    1.000000000000
    0.765171468258    1.000000000000
   -1.539772510529    1.000000000000
    0.637896060944    1.000000000000
   -0.083378627896    1.000000000000
    0.750459492207    1.000000000000
    0.696413338184    1.000000000000
   -0.877422988415    1.000000000000
    1.658192396164    1.000000000000
   -0.546246469021    1.000000000000
    0.082490101457    1.000000000000
   -0.962284743786    1.000000000000
    0.828900456429    1.000000000000
    0.093249052763    1.000000000000
    0.766971409321    1.000000000000
   -0.077975399792    1.000000000000
    0.894631266594    1.000000000000
    1.138248562813    1.000000000000
   -1.251029253006    1.000000000000
   -1.132205128670    1.000000000000
   -0.503716170788    1.000000000000
    0.916346728802    1.000000000000
    0.711669743061    1.000000000000
    0.432138144970    1.000000000000
   -0.107043489814    1.000000000000
   -0.274849385023    1.000000000000
    0.061581209302    1.000000000000
    1.025241374969    1.000000000000
   -0.483227014542    1.000000000000
    0.659983992577    1.000000000000
    0.123303793371    1.000000000000
    0.140924155712    1.000000000000
    0.186924561858    1.000000000000
    0.252427726984    1.000000000000
    0.797819375992    1.000000000000
    0.443789660931    1.000000000000
   -0.354961544275    1.000000000000
    0.007991190068    1.000000000000
    0.195997595787    1.000000000000
   -0.202270627022    1.000000000000
   -0.885179340839    1.000000000000
   -0.128480434418    1.000000000000
    0.458244502544    1.000000000000
   -0.529414772987    1.000000000000
   -0.205852046609    1.000000000000
    1.166897296906    1.000000000000
   -1.612004280090    1.000000000000
   -1.333731174469    1.000000000000
    0.298219889402    1.000000000000
   -0.345774531364    1.000000000000
   -1.467809200287    1.000000000000
    0.670144379139    1.000000000000
   -1.470162034035    1.000000000000
    0.321218967438    1.000000000000
    1.553775191307    1.000000000000
   -0.807841956615    1.000000000000
   -0.812017917633    1.000000000000
    0.466613143682    1.000000000000
    0.911872148514    1.000000000000
    1.004428982735    1.000000000000
   -1.398154616356    1.000000000000
   -1.451134800911    1.000000000000
   -0.355876535177    1.000000000000
    1.793337225914    1.000000000000
   -0.092508271337    1.000000000000
    0.981537461281    1.000000000000
   -1.128791213036    1.000000000000
    0.443686783314    1.000000000000
   -0.970811605453    1.000000000000
    0.564441263676    1.000000000000
    0.044677618891    1.000000000000
   -0.138939678669    1.000000000000
   -0.008397373371    1.000000000000
   -1.739944696426    1.000000000000
   -0.482982248068    1.000000000000
   -2.195322751999    1.000000000000
    0.600756347179    1.000000000000
   -0.146669700742    1.000000000000
    0.672040045261    1.000000000000
   -0.857422053814    1.000000000000
   -2.149627208710    1.000000000000
    0.129013955593    1.000000000000
   -0.285305261612    1.000000000000
   -0.324726372957    1.000000000000
    0.889771103859    1.000000000000
    1.951737165451    1.000000000000
    0.112935513258    1.000000000000
    0.036674544215    1.000000000000
   -1.409934639931    1.000000000000
   -0.586451590061    1.000000000000
   -0.454045951366    1.000000000000
    0.785599350929    1.000000000000
    0.474980264902    1.000000000000
   -0.882569134235    1.000000000000
   -0.304692119360    1.000000000000
    0.963100433350    1.000000000000
    0.229544550180    1.000000000000
    1.989634752274    1.000000000000
    0.602088928223    1.000000000000
    1.389617562294    1.000000000000
    1.225593566895    1.000000000000
   -0.695059776306    1.000000000000
   -0.284505158663    1.000000000000
    0.414992153645    1.000000000000
    0.350498676300    1.000000000000
    0.444441944361    1.000000000000
   -1.017901778221    1.000000000000
    0.432953476906    1.000000000000
   -2.442015647888    1.000000000000
   -1.505845069885    1.000000000000
    0.229696094990    1.000000000000
    0.497025489807    1.000000000000
   -0.510605573654    1.000000000000
    1.914735317230    1.000000000000
    0.192932948470    1.000000000000
   -0.425102412701    1.000000000000
   -1.920135736465    1.000000000000
    0.730154573917    1.000000000000
    1.909755229950    1.000000000000
    1.995910406113    1.000000000000
   -0.120403379202    1.000000000000
    1.685840606689    1.000000000000
    0.319698154926    1.000000000000
   -0.935585200787    1.000000000000
    0.407975196838    1.000000000000
    1.923038721085    1.000000000000
    0.641575515270    1.000000000000
    1.321178078651    1.000000000000
   -1.250555276871    1.000000000000
    0.417164534330    1.000000000000
    1.838981986046    1.000000000000
   -1.240798115730    1.000000000000
   -0.853231847286    1.000000000000
   -0.852087736130    1.000000000000
   -0.178713724017    1.000000000000
   -0.821920514107    1.000000000000
   -0.314196139574    1.000000000000
    0.318072855473    1.000000000000
    0.429062455893    1.000000000000
   -0.967208445072    1.000000000000
   -0.049652561545    1.000000000000
   -0.251630425453    1.000000000000
   -1.190246939659    1.000000000000
    1.145429849625    1.000000000000
   -1.747602939606    1.000000000000
    0.199740380049    1.000000000000
   -1.496187448502    1.000000000000
   -0.455720007420    1.000000000000
    0.244671821594    1.000000000000
   -1.104055404663    1.000000000000
    1.567513942719    1.000000000000
    1.192618966103    1.000000000000
   -0.452615916729    1.000000000000
    1.477068066597    1.000000000000
    1.793543934822    1.000000000000
   -1.211490750313    1.000000000000
   -0.632705569267    1.000000000000
    1.737599849701    1.000000000000
   -0.708442270756    1.000000000000
   -0.231143280864    1.000000000000
    1.118620753288    1.000000000000
    0.630799949169    1.000000000000
   -0.504761755466    1.000000000000
   -0.140806928277    1.000000000000
   -0.234279423952    1.000000000000
    1.322556614876    1.000000000000
   -0.664025485516    1.000000000000
    0.234602659941    1.000000000000
    0.726311266422    1.000000000000
    0.341547042131    1.000000000000
    1.155562281609    1.000000000000
    0.687054634094    1.000000000000
   -0.291518628597    1.000000000000
   -0.946014583111    1.000000000000
    1.716718792915    1.000000000000
    0.773888766766    1.000000000000
    1.122467160225    1.000000000000
   -1.329737901688    1.000000000000
   -0.785233139992    1.000000000000
   -0.163249850273    1.000000000000
   -0.106079302728    1.000000000000
    2.404059171677    1.000000000000
   -0.721961617470    1.000000000000
   -0.405965268612    1.000000000000
    0.655412316322    1.000000000000
   -0.416119813919    1.000000000000
    0.307372838259    1.000000000000
    0.034954715520    1.000000000000
    0.009214718826    1.000000000000
    0.964670777321    1.000000000000
    0.097297027707    1.000000000000
   -0.060105729848    1.000000000000
    0.899873554707    1.000000000000
   -1.188943266869    1.000000000000
   -0.898600578308    1.000000000000
   -1.176803469658    1.000000000000
    0.993635654449    1.000000000000
    0.935024082661    1.000000000000
    1.530378103256    1.000000000000
    0.427519738674    1.000000000000
    1.030232310295    1.000000000000
   -0.050538230687    1.000000000000
   -0.223644062877    1.000000000000
   -0.066063843668    1.000000000000
    0.792250633240    1.000000000000
    1.062471270561    1.000000000000
   -0.095075428486    1.000000000000
    0.333765536547    1.000000000000
    0.094098806381    1.000000000000
    0.288610965014    1.000000000000
   -1.042043209076    1.000000000000
   -0.785781383514    1.000000000000
   -1.665868163109    1.000000000000
   -0.136807963252    1.000000000000
   -1.535744547844    1.000000000000
   -0.287204653025    1.000000000000
    1.561310410500    1.000000000000
    0.387229532003    1.000000000000
    1.481219887733    1.000000000000
    0.220772206783    1.000000000000
   -1.987001061440    1.000000000000
    0.243620947003    1.000000000000
    1.189594626427    1.000000000000
    1.773256897926    1.000000000000
   -3.393126010895    1.000000000000
   -0.261666059494    1.000000000000
   -0.027450758964    1.000000000000
   -0.554350614548    1.000000000000
    0.892109334469    1.000000000000
   -0.821475207806    1.000000000000
   -1.741803407669    1.000000000000
    0.275914788246    1.000000000000
    0.226787701249    1.000000000000
   -1.103901743889    1.000000000000
   -0.740981519222    1.000000000000
    0.849698245525    1.000000000000
    1.536672472954    1.000000000000
   -1.460950016975    1.000000000000
    0.318923324347    1.000000000000
   -0.413001000881    1.000000000000
    0.292401134968    1.000000000000
   -0.608462512493    1.000000000000
    2.668937921524    1.000000000000
    0.979287743568    1.000000000000
    0.245837509632    1.000000000000
   -0.216995835304    1.000000000000
   -1.028058648109    1.000000000000
    0.891023576260    1.000000000000
    0.042285490781    1.000000000000
    1.998489141464    1.000000000000
    0.700455427170    1.000000000000
    0.043468955904    1.000000000000
   -0.208212524652    1.000000000000
    0.846000194550    1.000000000000
    0.645141661167    1.000000000000
    0.284001320601    1.000000000000
   -0.196449413896    1.000000000000
   -0.479014247656    1.000000000000
   -1.739504218102    1.000000000000
   -0.048236284405    1.000000000000
   -1.514502882957    1.000000000000
   -0.578631937504    1.000000000000
   -1.670793175697    1.000000000000
    0.427179366350    1.000000000000
   -2.330088376999    1.000000000000
   -1.749625205994    1.000000000000
    1.330496430397    1.000000000000
    0.208503767848    1.000000000000
    0.396494090557    1.000000000000
   -1.656384229660    1.000000000000
    0.585831284523    1.000000000000
   -0.953785777092    1.000000000000
    1.224850177765    1.000000000000
    1.088281273842    1.000000000000
    0.762634336948    1.000000000000
   -0.589453399181    1.000000000000
   -1.654346346855    1.000000000000
    0.468326866627    1.000000000000
   -0.064009569585    1.000000000000
    1.104771018028    1.000000000000
   -1.268852353096    1.000000000000
   -0.615270793438    1.000000000000
   -1.155397891998    1.000000000000
   -0.400353550911    1.000000000000
    0.819427311420    1.000000000000
   -1.109938621521    1.000000000000
   -0.453373491764    1.000000000000
    2.592643260956    1.000000000000
   -1.214521646500    1.000000000000
   -0.232308223844    1.000000000000
    2.917458772659    1.000000000000
    0.024191599339    1.000000000000
    1.451545715332    1.000000000000
   -0.415682554245    1.000000000000
   -2.148257255554    1.000000000000
   -1.205725073814    1.000000000000
   -0.812472462654    1.000000000000
   -0.751374244690    1.000000000000
   -1.871955990791    1.000000000000
   -2.173139810562    1.000000000000
   -0.268502533436    1.000000000000
   -0.328212618828    1.000000000000
   -0.615852832794    1.000000000000
   -0.950635313988    1.000000000000
   -2.051058769226    1.000000000000
    0.908779203892    1.000000000000
   -1.160931825638    1.000000000000
    0.296438068151    1.000000000000
    0.159287810326    1.000000000000
   -0.146087497473    1.000000000000
    1.114757895470    1.000000000000
   -1.579754114151    1.000000000000
   -0.260006457567    1.000000000000
   -0.584670364857    1.000000000000
   -0.377266138792    1.000000000000
   -0.400844126940    1.000000000000
    0.647269248962    1.000000000000
   -1.200676798820    1.000000000000
   -2.190123081207    1.000000000000
   -0.880446970463    1.000000000000
   -0.214056298137    1.000000000000
    0.326071560383    1.000000000000
   -0.270398706198    1.000000000000
    1.756136655807    1.000000000000
   -0.821728706360    1.000000000000
   -1.203698396683    1.000000000000
   -0.549589574337    1.000000000000
    0.384312748909    1.000000000000
    0.053875625134    1.000000000000
   -1.108338713646    1.000000000000
    0.594528973103    1.000000000000
    0.558584094048    1.000000000000
    0.511493563652    1.000000000000
   -0.941388547421    1.000000000000
   -0.103178851306    1.000000000000
   -1.597303867340    1.000000000000
   -0.301184535027    1.000000000000
   -1.402287721634    1.000000000000
    0.090649664402    1.000000000000
    1.905647277832    1.000000000000
   -1.314750432968    1.000000000000
   -1.480638861656    1.000000000000
   -0.704242408276    1.000000000000
   -2.301771879196    1.000000000000
    0.996287822723    1.000000000000
   -1.437333345413    1.000000000000
   -1.433068394661    1.000000000000
   -0.560879290104    1.000000000000
    0.697348475456    1.000000000000
    0.729686796665    1.000000000000
   -0.218995019794    1.000000000000
    0.434312105179    1.000000000000
   -0.992627203465    1.000000000000
    1.121089696884    1.000000000000
   -0.986106574535    1.000000000000
    0.735082447529    1.000000000000
   -0.437740325928    1.000000000000
    0.309906601906    1.000000000000
   -0.809830904007    1.000000000000
    1.001244425774    1.000000000000
    0.405579358339    1.000000000000
   -0.037273563445    1.000000000000
    0.273680746555    1.000000000000
    0.984398841858    1.000000000000
   -0.201389297843    1.000000000000
   -0.380199044943    1.000000000000
   -0.627414226532    1.000000000000
   -0.240558415651    1.000000000000
   -0.963962554932    1.000000000000
   -0.342168778181    1.000000000000
    1.145166635513    1.000000000000
   -1.496492266655    1.000000000000
    0.845605492592    1.000000000000
   -0.469459027052    1.000000000000
   -0.580213427544    1.000000000000
   -0.688230037689    1.000000000000
   -0.259037762880    1.000000000000
    0.721868693829    1.000000000000
   -0.028471881524    1.000000000000
   -0.901784956455    1.000000000000
   -0.699751019478    1.000000000000
   -0.215588957071    1.000000000000
    0.032136201859    1.000000000000
    0.754074394703    1.000000000000
    0.555589377880    1.000000000000
   -0.968633055687    1.000000000000
   -0.639759302139    1.000000000000
   -1.455129623413    1.000000000000
   -0.793296456337    1.000000000000
   -0.810551643372    1.000000000000
   -0.568648397923    1.000000000000
    0.702665686607    1.000000000000
    0.171308457851    1.000000000000
    1.678325772285    1.000000000000
    0.495579957962    1.000000000000
   -1.076451182365    1.000000000000
   -1.440287947655    1.000000000000
    1.598128199577    1.000000000000
   -0.044093698263    1.000000000000
    0.749926388264    1.000000000000
    0.391815304756    1.000000000000
    1.064205408096    1.000000000000
    1.262603044510    1.000000000000
    2.037015914917    1.000000000000
   -1.055875778198    1.000000000000
   -0.966570317745    1.000000000000
   -0.592694997787    1.000000000000
    1.077742218971    1.000000000000
    0.803117811680    1.000000000000
   -0.222609654069    1.000000000000
    0.333051651716    1.000000000000
   -0.302568405867    1.000000000000
    0.998050451279    1.000000000000
    0.860362589359    1.000000000000
    0.413291513920    1.000000000000
   -0.024175969884    1.000000000000
    0.456798225641    1.000000000000
   -0.304183781147    1.000000000000
    0.749972879887    1.000000000000
    0.267608255148    1.000000000000
   -1.286388993263    1.000000000000
    1.416446447372    1.000000000000
    0.516729533672    1.000000000000
    0.940672874451    1.000000000000
    1.610016703606    1.000000000000
    0.621265649796    1.000000000000
   -0.190266191959    1.000000000000
   -0.808312058449    1.000000000000
   -1.119385242462    1.000000000000
   -0.945211529732    1.000000000000
   -0.013656811789    1.000000000000
    0.237380713224    1.000000000000
   -1.188654422760    1.000000000000
    1.307850241661    1.000000000000
    0.612220823765    1.000000000000
    1.312530398369    1.000000000000
    1.574236512184    1.000000000000
   -1.268831133842    1.000000000000
    0.289148658514    1.000000000000
   -0.388146728277    1.000000000000
    0.029798237607    1.000000000000
    1.413136363029    1.000000000000
   -1.432314991951    1.000000000000
    1.592749118805    1.000000000000
   -0.313283085823    1.000000000000
   -1.262438893318    1.000000000000
    2.072575330734    1.000000000000
   -0.508491158485    1.000000000000
   -0.621454238892    1.000000000000
   -0.711267232895    1.000000000000
    0.549785196781    1.000000000000
   -0.198516830802    1.000000000000
    0.632818043232    1.000000000000
   -0.260836690664    1.000000000000
   -0.373136848211    1.000000000000
    0.497447222471    1.000000000000
    0.403911918402    1.000000000000
    0.223460823298    1.000000000000
   -0.145914703608    1.000000000000
    0.086909905076    1.000000000000
    0.183956936002    1.000000000000
    1.543781876564    1.000000000000
    0.670489847660    1.000000000000
    1.105705738068    1.000000000000
   -0.464212059975    1.000000000000
   -1.475658178329    1.000000000000
    2.221407175064    1.000000000000
   -0.125555098057    1.000000000000
   -0.384571701288    1.000000000000
   -0.847335040569    1.000000000000
    0.088831312954    1.000000000000
   -0.673842787743    1.000000000000
    0.224959999323    1.000000000000
    0.725719511509    1.000000000000
    0.875460267067    1.000000000000
    0.946250796318    1.000000000000
    0.568439722061    1.000000000000
   -0.560319602489    1.000000000000
    2.234875917435    1.000000000000
   -1.992930531502    1.000000000000
   -1.008753418922    1.000000000000
   -0.707935929298    1.000000000000
   -1.468182682991    1.000000000000
    0.222227707505    1.000000000000
    0.303839564323    1.000000000000
   -1.744056820869    1.000000000000
   -1.339705944061    1.000000000000
    1.072253108025    1.000000000000
   -2.577072143555    1.000000000000
    0.047274436802    1.000000000000
    0.579056143761    2.000000000000
   -0.311607897282    2.000000000000
    1.103040456772    2.000000000000
    0.028479635715    2.000000000000
    1.527469158173    2.000000000000
    1.255021691322    2.000000000000
    1.077953338623    2.000000000000
    0.822961807251    2.000000000000
   -0.343363821507    2.000000000000
    0.327443361282    2.000000000000
    0.183705449104    2.000000000000
    1.440678596497    2.000000000000
   -0.673457562923    2.000000000000
    0.620338797569    2.000000000000
    1.038106203079    2.000000000000
    0.973765432835    2.000000000000
    2.633876323700    2.000000000000
    1.067112922668    2.000000000000
    0.731899857521    2.000000000000
    0.931686401367    2.000000000000
    0.806847155094    2.000000000000
    1.815090656281    2.000000000000
    1.806958913803    2.000000000000
   -0.087412357330    2.000000000000
    2.546705245972    2.000000000000
    0.273788094521    2.000000000000
   -0.640350639820    2.000000000000
   -1.093503713608    2.000000000000
    1.432785749435    2.000000000000
    1.307731747627    2.000000000000
    0.502697587013    2.000000000000
    3.610385417938    2.000000000000
   -0.097057461739    2.000000000000
    0.256514787674    2.000000000000
   -0.508079588413    2.000000000000
    2.108062744141    2.000000000000
    0.014095544815    2.000000000000
    0.319658875465    2.000000000000
    2.161877393723    2.000000000000
    1.349390268326    2.000000000000
    0.038867413998    2.000000000000
    1.796770572662    2.000000000000
    0.504497289658    2.000000000000
    1.063352942467    2.000000000000
    1.024364590645    2.000000000000
    1.639748096466    2.000000000000
    0.095841467381    2.000000000000
    1.076549172401    2.000000000000
    0.992428302765    2.000000000000
    0.764237105846    2.000000000000
    0.835487842560    2.000000000000
    1.826802015305    2.000000000000
    0.366974949837    2.000000000000
    0.675405263901    2.000000000000
    0.571826338768    2.000000000000
    1.318881273270    2.000000000000
   -0.207968413830    2.000000000000
    1.493961453438    2.000000000000
   -0.270507037640    2.000000000000
    0.654145181179    2.000000000000
    0.677943646908    2.000000000000
    1.107964873314    2.000000000000
    0.023887872696    2.000000000000
    1.127890586853    2.000000000000
    1.590036630630    2.000000000000
   -0.939984142780    2.000000000000
    1.030200004578    2.000000000000
    0.247950315475    2.000000000000
    2.380270242691    2.000000000000
    0.221777915955    2.000000000000
    2.057366847992    2.000000000000
    0.782964110374    2.000000000000
    0.659782290459    2.000000000000
    0.762396574020    2.000000000000
    1.101387739182    2.000000000000
    2.088755130768    2.000000000000
   -1.145308256149    2.000000000000
    0.628676533699    2.000000000000
    1.107155084610    2.000000000000
   -0.215058028698    2.000000000000
    1.264228820801    2.000000000000
    1.337370514870    2.000000000000
   -0.344706833363    2.000000000000
   -0.041000008583    2.000000000000
    1.932364463806    2.000000000000
   -1.048379182816    2.000000000000
    2.304103612900    2.000000000000
    2.805102586746    2.000000000000
    2.290500164032    2.000000000000
    0.534726977348    2.000000000000
    1.186971306801    2.000000000000
   -0.063388228416    2.000000000000
    1.033952355385    2.000000000000
    1.743150591850    2.000000000000
    0.085587799549    2.000000000000
    0.024171948433    2.000000000000
   -0.753044188023    2.000000000000
    0.534200906754    2.000000000000
    1.600009441376    2.000000000000
   -0.171204745770    2.000000000000
    1.186977148056    2.000000000000
    0.122487366199    2.000000000000
    1.034636259079    2.000000000000
    0.747122287750    2.000000000000
   -0.665150225163    2.000000000000
    0.604321837425    2.000000000000
   -0.891742885113    2.000000000000
    1.752138376236    2.000000000000
    1.031754374504    2.000000000000
   -0.366073906422    2.000000000000
    0.738457679749    2.000000000000
    2.398414134979    2.000000000000
    0.757342755795    2.000000000000
    0.172187745571    2.000000000000
    1.219731807709    2.000000000000
    1.043096065521    2.000000000000
    1.262713670731    2.000000000000
    0.230871558189    2.000000000000
    0.075546503067    2.000000000000
    0.549861907959    2.000000000000
    0.827858984470    2.000000000000
    1.423071622849    2.000000000000
    1.220340728760    2.000000000000
    0.244427204132    2.000000000000
   -0.084484577179    2.000000000000
    0.967468857765    2.000000000000
    0.596818864346    2.000000000000
    1.153037071228    2.000000000000
    2.182093381882    2.000000000000
    0.213486671448    2.000000000000
   -0.101670503616    2.000000000000
    2.590274095535    2.000000000000
    1.532815456390    2.000000000000
    1.745766878128    2.000000000000
   -0.113654792309    2.000000000000
   -0.758896887302    2.000000000000
    1.703605890274    2.000000000000
    0.455680996180    2.000000000000
    2.536397695541    2.000000000000
    0.611883997917    2.000000000000
    0.550325453281    2.000000000000
    1.650822401047    2.000000000000
   -0.034878969193    2.000000000000
    1.625337123871    2.000000000000
    1.614949703217    2.000000000000
   -0.424458563328    2.000000000000
   -1.962483167648    2.000000000000
    3.023597002029    2.000000000000
    0.269630432129    2.000000000000
    2.428128242493    2.000000000000
   -1.202107667923    2.000000000000
    2.458175897598    2.000000000000
    0.747197031975    2.000000000000
    1.045743584633    2.000000000000
    0.324657857418    2.000000000000
    1.036196112633    2.000000000000
    2.155605077744    2.000000000000
    0.838860213757    2.000000000000
    1.707304477692    2.000000000000
    0.788437426090    2.000000000000
    2.070354700089    2.000000000000
    0.145025968552    2.000000000000
    1.106687545776    2.000000000000
   -1.144343614578    2.000000000000
    1.151523351669    2.000000000000
    1.250823736191    2.000000000000
    1.341549634933    2.000000000000
    0.729225933552    2.000000000000
   -1.069940090179    2.000000000000
    2.812987089157    2.000000000000
    0.926068365574    2.000000000000
    1.210754394531    2.000000000000
    1.381165027618    2.000000000000
    0.465131133795    2.000000000000
    0.875899910927    2.000000000000
    0.290303647518    2.000000000000
   -0.007999002934    2.000000000000
    1.353018403053    2.000000000000
   -0.002026557922    2.000000000000
    2.387428045273    2.000000000000
    0.534124135971    2.000000000000
    2.075734376907    2.000000000000
    0.410308539867    2.000000000000
    1.461652994156    2.000000000000
   -0.316760599613    2.000000000000
    2.499974250793    2.000000000000
    2.185889244080    2.000000000000
    0.429816544056    2.000000000000
    0.872354805470    2.000000000000
    2.214810609818    2.000000000000
    0.255728483200    2.000000000000
   -1.299321413040    2.000000000000
    2.054199934006    2.000000000000
    0.180172681808    2.000000000000
   -0.219435274601    2.000000000000
   -0.648519098759    2.000000000000
   -0.592538535595    2.000000000000
    0.749189794064    2.000000000000
    0.513010144234    2.000000000000
   -0.725226938725    2.000000000000
   -0.902626216412    2.000000000000
    2.021240711212    2.000000000000
    1.513112783432    2.000000000000
    0.126462996006    2.000000000000
    0.860447943211    2.000000000000
    0.344966709614    2.000000000000
    0.617171168327    2.000000000000
   -0.354142963886    2.000000000000
    3.301233768463    2.000000000000
    1.051777005196    2.000000000000
   -0.113811194897    2.000000000000
    0.384216874838    2.000000000000
    1.480545520782    2.000000000000
   -0.356035053730    2.000000000000
    1.704693317413    2.000000000000
    0.158132493496    2.000000000000
    2.527694940567    2.000000000000
    2.009151697159    2.000000000000
    0.953496873379    2.000000000000
    0.019820928574    2.000000000000
    2.037800073624    2.000000000000
   -0.353279411793    2.000000000000
    1.031892061234    2.000000000000
    0.733798503876    2.000000000000
    1.977083921432    2.000000000000
    2.887049674988    2.000000000000
   -2.201234102249    2.000000000000
    1.604832172394    2.000000000000
    2.071847438812    2.000000000000
    1.353773117065    2.000000000000
    1.342809319496    2.000000000000
    2.213044643402    2.000000000000
    0.596318304539    2.000000000000
    0.940971136093    2.000000000000
   -0.214952170849    2.000000000000
    0.580693364143    2.000000000000
   -0.048240780830    2.000000000000
    0.364644616842    2.000000000000
    1.948870658875    2.000000000000
    1.193683505058    2.000000000000
    1.043049335480    2.000000000000
    0.179283678532    2.000000000000
    1.042917490005    2.000000000000
    0.663870692253    2.000000000000
    1.413794517517    2.000000000000
    1.104513287544    2.000000000000
    0.998833775520    2.000000000000
    0.184563159943    2.000000000000
    1.772991418839    2.000000000000
    0.630899906158    2.000000000000
    2.214920759201    2.000000000000
   -1.019614934921    2.000000000000
    0.583078086376    2.000000000000
    0.818157136440    2.000000000000
    1.608370780945    2.000000000000
   -1.367009639740    2.000000000000
    1.276628375053    2.000000000000
    1.238732337952    2.000000000000
    1.523164629936    2.000000000000
    1.337958693504    2.000000000000
    0.699398279190    2.000000000000
    0.352484554052    2.000000000000
    0.564639151096    2.000000000000
    0.964380502701    2.000000000000
    1.464739322662    2.000000000000
   -0.016959905624    2.000000000000
    2.184608459473    2.000000000000
    0.826460123062    2.000000000000
    2.249291658401    2.000000000000
    0.053646624088    2.000000000000
    2.103800773621    2.000000000000
    1.940556049347    2.000000000000
   -0.461490929127    2.000000000000
   -0.132944047451    2.000000000000
    0.432119220495    2.000000000000
    1.001146316528    2.000000000000
    0.223726987839    2.000000000000
    1.077064871788    2.000000000000
    0.279143571854    2.000000000000
    1.754008650780    2.000000000000
    0.289090454578    2.000000000000
    0.393874853849    2.000000000000
   -0.815898954868    2.000000000000
    1.702035427094    2.000000000000
    0.345311433077    2.000000000000
    0.070754051208    2.000000000000
    2.999822378159    2.000000000000
    0.623601257801    2.000000000000
    0.362233579159    2.000000000000
    1.488543391228    2.000000000000
    0.693567216396    2.000000000000
    0.991259574890    2.000000000000
    0.407678663731    2.000000000000
    0.952451884747    2.000000000000
    1.531444072723    2.000000000000
    0.463766247034    2.000000000000
    3.650865316391    2.000000000000
   -0.105361044407    2.000000000000
   -0.089413464069    2.000000000000
   -0.319668233395    2.000000000000
   -0.250211656094    2.000000000000
   -1.769895315170    2.000000000000
    0.502543926239    2.000000000000
    0.211343407631    2.000000000000
    1.940743923187    2.000000000000
    1.242923974991    2.000000000000
    2.067594766617    2.000000000000
    0.086942255497    2.000000000000
   -0.772384703159    2.000000000000
    0.948546111584    2.000000000000
    2.045197010040    2.000000000000
    0.953331947327    2.000000000000
    0.855608165264    2.000000000000
    0.835636675358    2.000000000000
    1.770038843155    2.000000000000
    0.566199660301    2.000000000000
    0.696782112122    2.000000000000
   -0.351554811001    2.000000000000
   -0.272764980793    2.000000000000
    1.756039977074    2.000000000000
    1.254704952240    2.000000000000
   -0.511802852154    2.000000000000
    0.115636765957    2.000000000000
    2.092096805573    2.000000000000
    1.344268202782    2.000000000000
    1.741634607315    2.000000000000
    3.754505395889    2.000000000000
    0.844025492668    2.000000000000
   -0.892896950245    2.000000000000
    1.514046669006    2.000000000000
    1.306046247482    2.000000000000
    0.822937965393    2.000000000000
    1.850540637970    2.000000000000
   -0.159142613411    2.000000000000
    1.959462881088    2.000000000000
    1.008740782738    2.000000000000
    1.667097806931    2.000000000000
    0.394670724869    2.000000000000
    0.944979965687    2.000000000000
    2.534836530685    2.000000000000
    0.996029376984    2.000000000000
    1.728907108307    2.000000000000
   -0.344758093357    2.000000000000
   -0.466038286686    2.000000000000
    1.051551938057    2.000000000000
    0.760917544365    2.000000000000
    0.051306426525    2.000000000000
    1.824306726456    2.000000000000
    0.640141487122    2.000000000000
    1.960012674332    2.000000000000
    0.067935347557    2.000000000000
   -1.666359901428    2.000000000000
   -0.117333173752    2.000000000000
    0.998553633690    2.000000000000
    0.474036693573    2.000000000000
    1.137386083603    2.000000000000
    1.195571899414    2.000000000000
   -1.318965196609    2.000000000000
    1.532321453094    2.000000000000
    0.875588834286    2.000000000000
    0.131127774715    2.000000000000
    1.059804797173    2.000000000000
    1.272782325745    2.000000000000
   -0.940008223057    2.000000000000
   -0.508836925030    2.000000000000
    0.845273852348    2.000000000000
    0.932322025299    2.000000000000
    1.744843959808    2.000000000000
    2.857017517090    2.000000000000
    0.164935171604    2.000000000000
   -0.100311398506    2.000000000000
    1.523857474327    2.000000000000
    0.632586777210    2.000000000000
    1.511187076569    2.000000000000
    2.245877981186    2.000000000000
   -0.338305652142    2.000000000000
    1.582653760910    2.000000000000
    1.368778705597    2.000000000000
    0.168217062950    2.000000000000
    0.710395872593    2.000000000000
    1.850779533386    2.000000000000
    0.661171138287    2.000000000000
    0.885096132755    2.000000000000
    0.594976842403    2.000000000000
   -0.394634544849    2.000000000000
    2.326515913010    2.000000000000
    1.127023935318    2.000000000000
    2.441030263901    2.000000000000
    0.603344321251    2.000000000000
    1.846740722656    2.000000000000
    0.077107191086    2.000000000000
    0.028174996376    2.000000000000
   -0.212721765041    2.000000000000
    1.909057617188    2.000000000000
   -0.716514885426    2.000000000000
    0.631722807884    2.000000000000
    2.701191902161    2.000000000000
   -1.333904027939    2.000000000000
    1.942871332169    2.000000000000
    2.455430269241    2.000000000000
    1.488073110580    2.000000000000
    1.240656375885    2.000000000000
    1.012391567230    2.000000000000
    1.406231880188    2.000000000000
   -0.208268702030    2.000000000000
    1.094441533089    2.000000000000
   -0.062611222267    2.000000000000
    0.759472489357    2.000000000000
    0.624442398548    2.000000000000
    1.654642701149    2.000000000000
    1.689231872559    2.000000000000
    1.814620971680    2.000000000000
    0.511573195457    2.000000000000
    0.925197124481    2.000000000000
   -0.451002418995    2.000000000000
    0.175185561180    2.000000000000
    0.147478640079    2.000000000000
    0.730092406273    2.000000000000
    0.517354607582    2.000000000000
    1.553217172623    2.000000000000
   -1.489132165909    2.000000000000
    0.513640105724    2.000000000000
   -0.735048949718    2.000000000000
    0.400498420000    2.000000000000
    1.972142457962    2.000000000000
    0.080340564251    2.000000000000
    1.966296672821    2.000000000000
    1.428590774536    2.000000000000
    0.966602921486    2.000000000000
   -1.671792268753    2.000000000000
    0.101638019085    2.000000000000
    1.485615730286    2.000000000000
    1.707639217377    2.000000000000
   -0.152856588364    2.000000000000
    1.102779388428    2.000000000000
    0.187997758389    2.000000000000
    0.649953007698    2.000000000000
    2.870011091232    2.000000000000
    0.564242005348    2.000000000000
   -2.253389358521    2.000000000000
    0.767900526524    2.000000000000
    1.271116971970    2.000000000000
    0.213951706886    2.000000000000
   -1.214320659637    2.000000000000
    1.481569170952    2.000000000000
    0.565950512886    2.000000000000
    0.205388903618    2.000000000000
   -0.061727643013    2.000000000000
    0.966698527336    2.000000000000
    1.231564879417    2.000000000000
   -0.139347136021    2.000000000000
    0.885855674744    2.000000000000
    0.185151636600    2.000000000000
   -0.459387123585    2.000000000000
    0.927441358566    2.000000000000
    0.472631454468    2.000000000000
    1.645676732063    2.000000000000
    1.343605279922    2.000000000000
    0.919114470482    2.000000000000
    1.121440768242    2.000000000000
    1.153668642044    2.000000000000
    1.402975797653    2.000000000000
    2.271718740463    2.000000000000
    0.332488119602    2.000000000000
    1.399839162827    2.000000000000
    2.083448410034    2.000000000000
   -1.451875448227    2.000000000000
    0.808691978455    2.000000000000
    0.768726885319    2.000000000000
   -0.482705533504    2.000000000000
    1.207622051239    2.000000000000
    0.790679812431    2.000000000000
   -0.129808843136    2.000000000000
   -0.495096981525    2.000000000000
    2.140716552734    2.000000000000
    1.358852267265    2.000000000000
    1.896672248840    2.000000000000
    0.554027557373    2.000000000000
    1.453557491302    2.000000000000
    0.761415064335    2.000000000000
   -0.425650656223    2.000000000000
    1.314111948013    2.000000000000
    0.981179893017    2.000000000000
   -0.174322843552    2.000000000000
    0.567931890488    2.000000000000
    1.652146100998    2.000000000000
   -2.458831310272    2.000000000000
    1.386884808540    2.000000000000
   -0.050149023533    2.000000000000
    0.403606235981    2.000000000000
    2.261441230774    2.000000000000
   -0.213654458523    2.000000000000
   -1.941226482391    2.000000000000
    0.790575146675    2.000000000000
    0.590212404728    2.000000000000
   -0.364068090916    2.000000000000
   -0.213519036770    2.000000000000
    2.687713384628    2.000000000000
    0.371785879135    2.000000000000
    0.579748451710    2.000000000000
    1.497065305710    2.000000000000
    1.548501491547    2.000000000000
    0.028335690498    2.000000000000
   -0.418164074421    2.000000000000
   -0.533685624599    2.000000000000
    0.938132703304    2.000000000000
    1.510510325432    2.000000000000
   -0.407122671604    2.000000000000
    0.206170260906    2.000000000000
    0.163663566113    2.000000000000
    1.554227828979    2.000000000000
   -1.541316747665    2.000000000000
   -0.484478414059    2.000000000000
    1.900184869766    2.000000000000
    1.341161727905    2.000000000000
    0.784103035927    2.000000000000
    2.033753633499    2.000000000000
   -0.840183556080    2.000000000000
    0.849332332611    2.000000000000
    3.005167722702    2.000000000000
    1.928673505783    2.000000000000
    1.494425177574    2.000000000000
   -0.772155582905    2.000000000000
    1.134689927101    2.000000000000
    2.197409868240    2.000000000000
    2.175169706345    2.000000000000
    2.208301544189    2.000000000000
    1.261588931084    2.000000000000
    0.913120448589    2.000000000000
    0.059816718102    2.000000000000
   -0.163857519627    2.000000000000
   -0.246635258198    2.000000000000
   -0.376856982708    2.000000000000
    0.854818522930    2.000000000000
    1.768728375435    2.000000000000
   -0.028757572174    2.000000000000
    0.254072546959    2.000000000000
   -0.285084307194    2.000000000000
    2.229601383209    2.000000000000
    2.665777206421    2.000000000000
    0.536666035652    2.000000000000
    0.225770711899    2.000000000000
    0.367993146181    2.000000000000
    0.285364270210    2.000000000000
    1.067039847374    2.000000000000
   -1.083176136017    2.000000000000
    0.975680589676    2.000000000000
    0.537800610065    2.000000000000
    0.692732989788    2.000000000000
    0.262893259525    2.000000000000
    1.611760854721    2.000000000000
    0.673842966557    2.000000000000
    2.728136777878    2.000000000000
   -1.371788740158    2.000000000000
   -0.168693184853    2.000000000000
    0.461588770151    2.000000000000
    0.910787940025    2.000000000000
    1.322533726692    2.000000000000
    1.406651258469    2.000000000000
   -0.689768493176    2.000000000000
    0.854680120945    2.000000000000
    0.869931280613    2.000000000000
    0.805353283882    2.000000000000
    0.727589607239    2.000000000000
    0.532832145691    2.000000000000
    0.881298899651    2.000000000000
    0.209207952023    2.000000000000
    0.666816294193    2.000000000000
   -0.059824585915    2.000000000000
    1.239736914635    2.000000000000
    0.795593798161    2.000000000000
    0.829347848892    2.000000000000
   -0.025512993336    2.000000000000
    0.895661771297    2.000000000000
    2.525448799133    2.000000000000
    0.616946518421    2.000000000000
    1.278456449509    2.000000000000
   -0.906453430653    2.000000000000
    0.691567242146    2.000000000000
    1.494554638863    2.000000000000
    0.927966713905    2.000000000000
    0.275137901306    2.000000000000
    1.810112476349    2.000000000000
    0.887237906456    2.000000000000
    2.445228815079    2.000000000000
    0.761500775814    2.000000000000
    0.360038697720    2.000000000000
    2.391639232635    2.000000000000
   -0.170758783817    2.000000000000
    0.517872035503    2.000000000000
    0.476217240095    2.000000000000
    1.692849040031    2.000000000000
    1.361606121063    2.000000000000
    1.733250379562    2.000000000000
   -0.445638954639    2.000000000000
    4.030364513397    2.000000000000
    1.348244428635    2.000000000000
    1.053146243095    2.000000000000
    0.275440037251    2.000000000000
    2.576985359192    2.000000000000
