   -0.791320383549    1.000000000000
    0.449287444353    1.000000000000
   -1.060535788536    1.000000000000
    0.543134272099    1.000000000000
   -0.889702916145    1.000000000000
    1.762283086777    1.000000000000
    0.336352229118    1.000000000000
    1.304201126099    1.000000000000
   -0.027661550790    1.000000000000
    1.168261766434    1.000000000000
    0.599036812782    1.000000000000
    0.374376356602    1.000000000000
    1.049879550934    1.000000000000
    0.623960256577    1.000000000000
    0.225198373199    1.000000000000
   -0.330657809973    1.000000000000
    2.343880891800    1.000000000000
   -0.336545556784    1.000000000000
    0.346143484116    1.000000000000
    0.836233973503    1.000000000000
   -1.308752179146    1.000000000000
    0.083937384188    1.000000000000
   -1.524785280228    1.000000000000
    0.600934445858    1.000000000000
   -0.060636840761    1.000000000000
    0.664505004883    1.000000000000
    0.403614282608    1.000000000000
   -0.064481832087    1.000000000000
    0.381346285343    1.000000000000
    0.639511168003    1.000000000000
    0.852097272873    1.000000000000
    0.877740681171    1.000000000000
    0.193085163832    1.000000000000
    0.118375696242    1.000000000000
   -1.608702778816    1.000000000000
   -0.768684685230    1.000000000000
    0.100585065782    1.000000000000
    0.170900538564    1.000000000000
    0.532076597214    1.000000000000
    0.667560040951    1.000000000000
    0.401861220598    1.000000000000
   -0.518189251423    1.000000000000
    1.574046254158    1.000000000000
   -1.982834815979    1.000000000000
    1.436439752579    1.000000000000
   -1.040791511536    1.000000000000
   -1.681771039963    1.000000000000
    1.760189652443    1.000000000000
   -0.319332003593    1.000000000000
    1.154379725456    1.000000000000
   -0.015920061618    1.000000000000
   -0.525427460670    1.000000000000
    1.055107831955    1.000000000000
   -0.345270752907    1.000000000000
    0.532095372677    1.000000000000
   -0.173699989915    1.000000000000
    1.299661755562    1.000000000000
   -1.056536316872    1.000000000000
   -0.758906960487    1.000000000000
   -0.725073635578    1.000000000000
   -0.509854435921    1.000000000000
   -0.314078658819    1.000000000000
   -2.530292510986    1.000000000000
   -0.153613194823    1.000000000000
    0.909441590309    1.000000000000
   -0.956831753254    1.000000000000
   -0.423653483391    1.000000000000
   -0.751678764820    1.000000000000
    0.006710558664    1.000000000000
    0.844488561153    1.000000000000
    1.040474414825    1.000000000000
    0.516409337521    1.000000000000
   -0.338657140732    1.000000000000
    0.178154766560    1.000000000000
    0.146838337183    1.000000000000
    0.399215608835    1.000000000000
   -1.031660199165    1.000000000000
    0.884064257145    1.000000000000
   -0.209009081125    1.000000000000
   -0.339013427496    1.000000000000
   -1.007582426071    1.000000000000
    0.781397879124    1.000000000000
    0.987918436527    1.000000000000
    0.878748834133    1.000000000000
    1.734440565109    1.000000000000
    2.114618778229    1.000000000000
   -1.134584307671    1.000000000000
   -0.249534234405    1.000000000000
   -1.480965614319    1.000000000000
    0.412604242563    1.000000000000
   -1.272439599037    1.000000000000
    2.356340646744    1.000000000000
   -0.286407440901    1.000000000000
    1.461076736450    1.000000000000
    0.372782498598    1.000000000000
    1.920613765717    1.000000000000
    0.250213384628    1.000000000000
   -0.754829943180    1.000000000000
   -0.651256382465    1.000000000000
   -1.425137162209    1.000000000000
    0.774332821369    1.000000000000
    0.930790126324    1.000000000000
    0.367508590221    1.000000000000
   -0.741752922535    1.000000000000
   -0.270876348019    1.000000000000
    0.563575327396    1.000000000000
    0.914691090584    1.000000000000
    0.205035671592    1.000000000000
   -2.155388832092    1.000000000000
    0.248706892133    1.000000000000
    0.400512456894    1.000000000000
    0.765171468258    1.000000000000
   -1.539772510529    1.000000000000
    0.637896060944    1.000000000000
   -0.083378627896    1.000000000000
    0.750459492207    1.000000000000
    0.696413338184    1.000000000000
   -0.877422988415    1.000000000000
    1.658192396164    1.000000000000
   -0.546246469021    1.000000000000
    0.082490101457    1.000000000000
   -0.962284743786    1.000000000000
    0.828900456429    1.000000000000
    0.093249052763    1.000000000000
    0.766971409321    1.000000000000
   -0.077975399792    1.000000000000
    0.894631266594    1.000000000000
    1.138248562813    1.000000000000
   -1.251029253006    1.000000000000
   -1.132205128670    1.000000000000
   -0.503716170788    1.000000000000
    0.916346728802    1.000000000000
    0.711669743061    1.000000000000
    0.432138144970    1.000000000000
   -0.107043489814    1.000000000000
   -0.274849385023    1.000000000000
    0.061581209302    1.000000000000
    1.025241374969    1.000000000000
   -0.483227014542    1.000000000000
    0.659983992577    1.000000000000
    0.123303793371    1.000000000000
    0.140924155712    1.000000000000
    0.186924561858    1.000000000000
    0.252427726984    1.000000000000
    0.797819375992    1.000000000000
    0.443789660931    1.000000000000
   -0.354961544275    1.000000000000
    0.007991190068    1.000000000000
    0.195997595787    1.000000000000
   -0.202270627022    1.000000000000
   -0.885179340839    1.000000000000
   -0.128480434418    1.000000000000
    0.458244502544    1.000000000000
   -0.529414772987    1.000000000000
   -0.205852046609    1.000000000000
    1.166897296906    1.000000000000
   -1.612004280090    1.000000000000
   -1.333731174469    1.000000000000
    0.298219889402    1.000000000000
   -0.345774531364    1.000000000000
   -1.467809200287    1.000000000000
    0.670144379139    1.000000000000
   -1.470162034035    1.000000000000
    0.321218967438    1.000000000000
    1.553775191307    1.000000000000
   -0.807841956615    1.000000000000
   -0.812017917633    1.000000000000
    0.466613143682    1.000000000000
    0.911872148514    1.000000000000
    1.004428982735    1.000000000000
   -1.398154616356    1.000000000000
   -1.451134800911    1.000000000000
   -0.355876535177    1.000000000000
    1.793337225914    1.000000000000
   -0.092508271337    1.000000000000
    0.981537461281    1.000000000000
   -1.128791213036    1.000000000000
    0.443686783314    1.000000000000
   -0.970811605453    1.000000000000
    0.564441263676    1.000000000000
    0.044677618891    1.000000000000
   -0.138939678669    1.000000000000
   -0.008397373371    1.000000000000
   -1.739944696426    1.000000000000
   -0.482982248068    1.000000000000
   -2.195322751999    1.000000000000
    0.600756347179    1.000000000000
   -0.146669700742    1.000000000000
    0.672040045261    1.000000000000
   -0.857422053814    1.000000000000
   -2.149627208710    1.000000000000
    0.129013955593    1.000000000000
   -0.285305261612    1.000000000000
   -0.324726372957    1.000000000000
    0.889771103859    1.000000000000
    1.951737165451    1.000000000000
    0.112935513258    1.000000000000
    0.036674544215    1.000000000000
   -1.409934639931    1.000000000000
   -0.586451590061    1.000000000000
   -0.454045951366    1.000000000000
    0.785599350929    1.000000000000
    0.474980264902    1.000000000000
   -0.882569134235    1.000000000000
   -0.304692119360    1.000000000000
    0.963100433350    1.000000000000
    0.229544550180    1.000000000000
    1.989634752274    1.000000000000
    0.602088928223    1.000000000000
    1.389617562294    1.000000000000
    1.225593566895    1.000000000000
   -0.695059776306    1.000000000000
   -0.284505158663    1.000000000000
    0.414992153645    1.000000000000
    0.350498676300    1.000000000000
    0.444441944361    1.000000000000
   -1.017901778221    1.000000000000
    0.432953476906    1.000000000000
   -2.442015647888    1.000000000000
   -1.505845069885    1.000000000000
    0.229696094990    1.000000000000
    0.497025489807    1.000000000000
   -0.510605573654    1.000000000000
    1.914735317230    1.000000000000
    0.192932948470    1.000000000000
   -0.425102412701    1.000000000000
   -1.920135736465    1.000000000000
    0.730154573917    1.000000000000
    1.909755229950    1.000000000000
    1.995910406113    1.000000000000
   -0.120403379202    1.000000000000
    1.685840606689    1.000000000000
    0.319698154926    1.000000000000
   -0.935585200787    1.000000000000
    0.407975196838    1.000000000000
    1.923038721085    1.000000000000
    0.641575515270    1.000000000000
    1.321178078651    1.000000000000
   -1.250555276871    1.000000000000
    0.417164534330    1.000000000000
    1.838981986046    1.000000000000
   -1.240798115730    1.000000000000
   -0.853231847286    1.000000000000
   -0.852087736130    1.000000000000
   -0.178713724017    1.000000000000
   -0.821920514107    1.000000000000
   -0.314196139574    1.000000000000
    0.318072855473    1.000000000000
    0.429062455893    1.000000000000
   -0.967208445072    1.000000000000
   -0.049652561545    1.000000000000
   -0.251630425453    1.000000000000
   -1.190246939659    1.000000000000
    1.145429849625    1.000000000000
   -1.747602939606    1.000000000000
    0.199740380049    1.000000000000
   -1.496187448502    1.000000000000
   -0.455720007420    1.000000000000
    0.244671821594    1.000000000000
   -1.104055404663    1.000000000000
    1.567513942719    1.000000000000
    1.192618966103    1.000000000000
   -0.452615916729    1.000000000000
    1.477068066597    1.000000000000
    1.793543934822    1.000000000000
   -1.211490750313    1.000000000000
   -0.632705569267    1.000000000000
    1.737599849701    1.000000000000
   -0.708442270756    1.000000000000
   -0.231143280864    1.000000000000
    1.118620753288    1.000000000000
    0.630799949169    1.000000000000
   -0.504761755466    1.000000000000
   -0.140806928277    1.000000000000
   -0.234279423952    1.000000000000
    1.322556614876    1.000000000000
   -0.664025485516    1.000000000000
    0.234602659941    1.000000000000
    0.726311266422    1.000000000000
    0.341547042131    1.000000000000
    1.155562281609    1.000000000000
    0.687054634094    1.000000000000
   -0.291518628597    1.000000000000
   -0.946014583111    1.000000000000
    1.716718792915    1.000000000000
    0.773888766766    1.000000000000
    1.122467160225    1.000000000000
   -1.329737901688    1.000000000000
   -0.785233139992    1.000000000000
   -0.163249850273    1.000000000000
   -0.106079302728    1.000000000000
    2.404059171677    1.000000000000
   -0.721961617470    1.000000000000
   -0.405965268612    1.000000000000
    0.655412316322    1.000000000000
   -0.416119813919    1.000000000000
    0.307372838259    1.000000000000
    0.034954715520    1.000000000000
    0.009214718826    1.000000000000
    0.964670777321    1.000000000000
    0.097297027707    1.000000000000
   -0.060105729848    1.000000000000
    0.899873554707    1.000000000000
   -1.188943266869    1.000000000000
   -0.898600578308    1.000000000000
   -1.176803469658    1.000000000000
    0.993635654449    1.000000000000
    0.935024082661    1.000000000000
    1.530378103256    1.000000000000
    0.427519738674    1.000000000000
    1.030232310295    1.000000000000
   -0.050538230687    1.000000000000
   -0.223644062877    1.000000000000
   -0.066063843668    1.000000000000
    0.792250633240    1.000000000000
    1.062471270561    1.000000000000
   -0.095075428486    1.000000000000
    0.333765536547    1.000000000000
    0.094098806381    1.000000000000
    0.288610965014    1.000000000000
   -1.042043209076    1.000000000000
   -0.785781383514    1.000000000000
   -1.665868163109    1.000000000000
   -0.136807963252    1.000000000000
   -1.535744547844    1.000000000000
   -0.287204653025    1.000000000000
    1.561310410500    1.000000000000
    0.387229532003    1.000000000000
    1.481219887733    1.000000000000
    0.220772206783    1.000000000000
   -1.987001061440    1.000000000000
    0.243620947003    1.000000000000
    1.189594626427    1.000000000000
    1.773256897926    1.000000000000
   -3.393126010895    1.000000000000
   -0.261666059494    1.000000000000
   -0.027450758964    1.000000000000
   -0.554350614548    1.000000000000
    0.892109334469    1.000000000000
   -0.821475207806    1.000000000000
   -1.741803407669    1.000000000000
    0.275914788246    1.000000000000
    0.226787701249    1.000000000000
   -1.103901743889    1.000000000000
   -0.740981519222    1.000000000000
    0.849698245525    1.000000000000
    1.536672472954    1.000000000000
   -1.460950016975    1.000000000000
    0.318923324347    1.000000000000
   -0.413001000881    1.000000000000
    0.292401134968    1.000000000000
   -0.608462512493    1.000000000000
    2.668937921524    1.000000000000
    0.979287743568    1.000000000000
    0.245837509632    1.000000000000
   -0.216995835304    1.000000000000
   -1.028058648109    1.000000000000
    0.891023576260    1.000000000000
    0.042285490781    1.000000000000
    1.998489141464    1.000000000000
    0.700455427170    1.000000000000
    0.043468955904    1.000000000000
   -0.208212524652    1.000000000000
    0.846000194550    1.000000000000
    0.645141661167    1.000000000000
    0.284001320601    1.000000000000
   -0.196449413896    1.000000000000
   -0.479014247656    1.000000000000
   -1.739504218102    1.000000000000
   -0.048236284405    1.000000000000
   -1.514502882957    1.000000000000
   -0.578631937504    1.000000000000
   -1.670793175697    1.000000000000
    0.427179366350    1.000000000000
   -2.330088376999    1.000000000000
   -1.749625205994    1.000000000000
    1.330496430397    1.000000000000
    0.208503767848    1.000000000000
    0.396494090557    1.000000000000
   -1.656384229660    1.000000000000
    0.585831284523    1.000000000000
   -0.953785777092    1.000000000000
    1.224850177765    1.000000000000
    1.088281273842    1.000000000000
    0.762634336948    1.000000000000
   -0.589453399181    1.000000000000
   -1.654346346855    1.000000000000
    0.468326866627    1.000000000000
   -0.064009569585    1.000000000000
    1.104771018028    1.000000000000
   -1.268852353096    1.000000000000
   -0.615270793438    1.000000000000
   -1.155397891998    1.000000000000
   -0.400353550911    1.000000000000
    0.819427311420    1.000000000000
   -1.109938621521    1.000000000000
   -0.453373491764    1.000000000000
    2.592643260956    1.000000000000
   -1.214521646500    1.000000000000
   -0.232308223844    1.000000000000
    2.917458772659    1.000000000000
    0.024191599339    1.000000000000
    1.451545715332    1.000000000000
   -0.415682554245    1.000000000000
   -2.148257255554    1.000000000000
   -1.205725073814    1.000000000000
   -0.812472462654    1.000000000000
   -0.751374244690    1.000000000000
   -1.871955990791    1.000000000000
   -2.173139810562    1.000000000000
   -0.268502533436    1.000000000000
   -0.328212618828    1.000000000000
   -0.615852832794    1.000000000000
   -0.950635313988    1.000000000000
   -2.051058769226    1.000000000000
    0.908779203892    1.000000000000
   -1.160931825638    1.000000000000
    0.296438068151    1.000000000000
    0.159287810326    1.000000000000
   -0.146087497473    1.000000000000
    1.114757895470    1.000000000000
   -1.579754114151    1.000000000000
   -0.260006457567    1.000000000000
   -0.584670364857    1.000000000000
   -0.377266138792    1.000000000000
   -0.400844126940    1.000000000000
    0.647269248962    1.000000000000
   -1.200676798820    1.000000000000
   -2.190123081207    1.000000000000
   -0.880446970463    1.000000000000
   -0.214056298137    1.000000000000
    0.326071560383    1.000000000000
   -0.270398706198    1.000000000000
    1.756136655807    1.000000000000
   -0.821728706360    1.000000000000
   -1.203698396683    1.000000000000
   -0.549589574337    1.000000000000
    0.384312748909    1.000000000000
    0.053875625134    1.000000000000
   -1.108338713646    1.000000000000
    0.594528973103    1.000000000000
    0.558584094048    1.000000000000
    0.511493563652    1.000000000000
   -0.941388547421    1.000000000000
   -0.103178851306    1.000000000000
   -1.597303867340    1.000000000000
   -0.301184535027    1.000000000000
   -1.402287721634    1.000000000000
    0.090649664402    1.000000000000
    1.905647277832    1.000000000000
   -1.314750432968    1.000000000000
   -1.480638861656    1.000000000000
   -0.704242408276    1.000000000000
   -2.301771879196    1.000000000000
    0.996287822723    1.000000000000
   -1.437333345413    1.000000000000
   -1.433068394661    1.000000000000
   -0.560879290104    1.000000000000
    0.697348475456    1.000000000000
    0.729686796665    1.000000000000
   -0.218995019794    1.000000000000
    0.434312105179    1.000000000000
   -0.992627203465    1.000000000000
    1.121089696884    1.000000000000
   -0.986106574535    1.000000000000
    0.735082447529    1.000000000000
   -0.437740325928    1.000000000000
    0.309906601906    1.000000000000
   -0.809830904007    1.000000000000
    1.001244425774    1.000000000000
    0.405579358339    1.000000000000
   -0.037273563445    1.000000000000
    0.273680746555    1.000000000000
    0.984398841858    1.000000000000
   -0.201389297843    1.000000000000
   -0.380199044943    1.000000000000
   -0.627414226532    1.000000000000
   -0.240558415651    1.000000000000
   -0.963962554932    1.000000000000
   -0.342168778181    1.000000000000
    1.145166635513    1.000000000000
   -1.496492266655    1.000000000000
    0.845605492592    1.000000000000
   -0.469459027052    1.000000000000
   -0.580213427544    1.000000000000
   -0.688230037689    1.000000000000
   -0.259037762880    1.000000000000
    0.721868693829    1.000000000000
   -0.028471881524    1.000000000000
   -0.901784956455    1.000000000000
   -0.699751019478    1.000000000000
   -0.215588957071    1.000000000000
    0.032136201859    1.000000000000
    0.754074394703    1.000000000000
    0.555589377880    1.000000000000
   -0.968633055687    1.000000000000
   -0.639759302139    1.000000000000
   -1.455129623413    1.000000000000
   -0.793296456337    1.000000000000
   -0.810551643372    1.000000000000
   -0.568648397923    1.000000000000
    0.702665686607    1.000000000000
    0.171308457851    1.000000000000
    1.678325772285    1.000000000000
    0.495579957962    1.000000000000
   -1.076451182365    1.000000000000
   -1.440287947655    1.000000000000
    1.598128199577    1.000000000000
   -0.044093698263    1.000000000000
    0.749926388264    1.000000000000
    0.391815304756    1.000000000000
    1.064205408096    1.000000000000
    1.262603044510    1.000000000000
    2.037015914917    1.000000000000
   -1.055875778198    1.000000000000
   -0.966570317745    1.000000000000
   -0.592694997787    1.000000000000
    1.077742218971    1.000000000000
    0.803117811680    1.000000000000
   -0.222609654069    1.000000000000
    0.333051651716    1.000000000000
   -0.302568405867    1.000000000000
    0.998050451279    1.000000000000
    0.860362589359    1.000000000000
    0.413291513920    1.000000000000
   -0.024175969884    1.000000000000
    0.456798225641    1.000000000000
   -0.304183781147    1.000000000000
    0.749972879887    1.000000000000
    0.267608255148    1.000000000000
   -1.286388993263    1.000000000000
    1.416446447372    1.000000000000
    0.516729533672    1.000000000000
    0.940672874451    1.000000000000
    1.610016703606    1.000000000000
    0.621265649796    1.000000000000
   -0.190266191959    1.000000000000
   -0.808312058449    1.000000000000
   -1.119385242462    1.000000000000
   -0.945211529732    1.000000000000
   -0.013656811789    1.000000000000
    0.237380713224    1.000000000000
   -1.188654422760    1.000000000000
    1.307850241661    1.000000000000
    0.612220823765    1.000000000000
    1.312530398369    1.000000000000
    1.574236512184    1.000000000000
   -1.268831133842    1.000000000000
    0.289148658514    1.000000000000
   -0.388146728277    1.000000000000
    0.029798237607    1.000000000000
    1.413136363029    1.000000000000
   -1.432314991951    1.000000000000
    1.592749118805    1.000000000000
   -0.313283085823    1.000000000000
   -1.262438893318    1.000000000000
    2.072575330734    1.000000000000
   -0.508491158485    1.000000000000
   -0.621454238892    1.000000000000
   -0.711267232895    1.000000000000
    0.549785196781    1.000000000000
   -0.198516830802    1.000000000000
    0.632818043232    1.000000000000
   -0.260836690664    1.000000000000
   -0.373136848211    1.000000000000
    0.497447222471    1.000000000000
    0.403911918402    1.000000000000
    0.223460823298    1.000000000000
   -0.145914703608    1.000000000000
    0.086909905076    1.000000000000
    0.183956936002    1.000000000000
    1.543781876564    1.000000000000
    0.670489847660    1.000000000000
    1.105705738068    1.000000000000
   -0.464212059975    1.000000000000
   -1.475658178329    1.000000000000
    2.221407175064    1.000000000000
   -0.125555098057    1.000000000000
   -0.384571701288    1.000000000000
   -0.847335040569    1.000000000000
    0.088831312954    1.000000000000
   -0.673842787743    1.000000000000
    0.224959999323    1.000000000000
    0.725719511509    1.000000000000
    0.875460267067    1.000000000000
    0.946250796318    1.000000000000
    0.568439722061    1.000000000000
   -0.560319602489    1.000000000000
    2.234875917435    1.000000000000
   -1.992930531502    1.000000000000
   -1.008753418922    1.000000000000
   -0.707935929298    1.000000000000
   -1.468182682991    1.000000000000
    0.222227707505    1.000000000000
    0.303839564323    1.000000000000
   -1.744056820869    1.000000000000
   -1.339705944061    1.000000000000
    1.072253108025    1.000000000000
   -2.577072143555    1.000000000000
    0.047274436802    1.000000000000
   -0.020943865180    2.000000000000
   -0.911607921124    2.000000000000
    0.503040492535    2.000000000000
   -0.571520388126    2.000000000000
    0.927469134331    2.000000000000
    0.655021727085    2.000000000000
    0.477953255177    2.000000000000
    0.222961813211    2.000000000000
   -0.943363845348    2.000000000000
   -0.272556662560    2.000000000000
   -0.416294574738    2.000000000000
    0.840678632259    2.000000000000
   -1.273457527161    2.000000000000
    0.020338818431    2.000000000000
    0.438106179237    2.000000000000
    0.373765408993    2.000000000000
    2.033876180649    2.000000000000
    0.467112839222    2.000000000000
    0.131899833679    2.000000000000
    0.331686377525    2.000000000000
    0.206847161055    2.000000000000
    1.215090632439    2.000000000000
    1.206959009171    2.000000000000
   -0.687412381172    2.000000000000
    1.946705341339    2.000000000000
   -0.326211929321    2.000000000000
   -1.240350604057    2.000000000000
   -1.693503618240    2.000000000000
    0.832785785198    2.000000000000
    0.707731723785    2.000000000000
   -0.097302421927    2.000000000000
    3.010385513306    2.000000000000
   -0.697057485580    2.000000000000
   -0.343485236168    2.000000000000
   -1.108079552650    2.000000000000
    1.508062839508    2.000000000000
   -0.585904479027    2.000000000000
   -0.280341148376    2.000000000000
    1.561877369881    2.000000000000
    0.749390184879    2.000000000000
   -0.561132609844    2.000000000000
    1.196770668030    2.000000000000
   -0.095502749085    2.000000000000
    0.463352918625    2.000000000000
    0.424364566803    2.000000000000
    1.039748191833    2.000000000000
   -0.504158556461    2.000000000000
    0.476549208164    2.000000000000
    0.392428278923    2.000000000000
    0.164237096906    2.000000000000
    0.235487833619    2.000000000000
    1.226801991463    2.000000000000
   -0.233025059104    2.000000000000
    0.075405284762    2.000000000000
   -0.028173640370    2.000000000000
    0.718881309032    2.000000000000
   -0.807968437672    2.000000000000
    0.893961429596    2.000000000000
   -0.870507061481    2.000000000000
    0.054145172238    2.000000000000
    0.077943652868    2.000000000000
    0.507964909077    2.000000000000
   -0.576112151146    2.000000000000
    0.527890503407    2.000000000000
    0.990036547184    2.000000000000
   -1.539984107018    2.000000000000
    0.430200040340    2.000000000000
   -0.352049708366    2.000000000000
    1.780270338058    2.000000000000
   -0.378222107887    2.000000000000
    1.457366824150    2.000000000000
    0.182964116335    2.000000000000
    0.059782266617    2.000000000000
    0.162396594882    2.000000000000
    0.501387774944    2.000000000000
    1.488755106926    2.000000000000
   -1.745308160782    2.000000000000
    0.028676494956    2.000000000000
    0.507155060768    2.000000000000
   -0.815058052540    2.000000000000
    0.664228856564    2.000000000000
    0.737370491028    2.000000000000
   -0.944706857204    2.000000000000
   -0.641000032425    2.000000000000
    1.332364559174    2.000000000000
   -1.648379087448    2.000000000000
    1.704103708267    2.000000000000
    2.205102682114    2.000000000000
    1.690500140190    2.000000000000
   -0.065273001790    2.000000000000
    0.586971282959    2.000000000000
   -0.663388252258    2.000000000000
    0.433952331543    2.000000000000
    1.143150568008    2.000000000000
   -0.514412224293    2.000000000000
   -0.575828075409    2.000000000000
   -1.353044152260    2.000000000000
   -0.065799072385    2.000000000000
    1.000009417534    2.000000000000
   -0.771204769611    2.000000000000
    0.586977183819    2.000000000000
   -0.477512657642    2.000000000000
    0.434636265039    2.000000000000
    0.147122293711    2.000000000000
   -1.265150189400    2.000000000000
    0.004321843386    2.000000000000
   -1.491742849350    2.000000000000
    1.152138352394    2.000000000000
    0.431754410267    2.000000000000
   -0.966073930264    2.000000000000
    0.138457700610    2.000000000000
    1.798414111137    2.000000000000
    0.157342761755    2.000000000000
   -0.427812278271    2.000000000000
    0.619731843472    2.000000000000
    0.443096101284    2.000000000000
    0.662713587284    2.000000000000
   -0.369128465652    2.000000000000
   -0.524453520775    2.000000000000
   -0.050138100982    2.000000000000
    0.227858990431    2.000000000000
    0.823071539402    2.000000000000
    0.620340704918    2.000000000000
   -0.355572819710    2.000000000000
   -0.684484601021    2.000000000000
    0.367468863726    2.000000000000
   -0.003181129694    2.000000000000
    0.553037106991    2.000000000000
    1.582093358040    2.000000000000
   -0.386513352394    2.000000000000
   -0.701670527458    2.000000000000
    1.990274190903    2.000000000000
    0.932815372944    2.000000000000
    1.145766854286    2.000000000000
   -0.713654816151    2.000000000000
   -1.358896851540    2.000000000000
    1.103605866432    2.000000000000
   -0.144319012761    2.000000000000
    1.936397671700    2.000000000000
    0.011884018779    2.000000000000
   -0.049674570560    2.000000000000
    1.050822377205    2.000000000000
   -0.634878993034    2.000000000000
    1.025337100029    2.000000000000
    1.014949798584    2.000000000000
   -1.024458527565    2.000000000000
   -2.562483072281    2.000000000000
    2.423597097397    2.000000000000
   -0.330369591713    2.000000000000
    1.828128337860    2.000000000000
   -1.802107572556    2.000000000000
    1.858175992966    2.000000000000
    0.147196993232    2.000000000000
    0.445743620396    2.000000000000
   -0.275342166424    2.000000000000
    0.436196088791    2.000000000000
    1.555605173111    2.000000000000
    0.238860204816    2.000000000000
    1.107304573059    2.000000000000
    0.188437446952    2.000000000000
    1.470354676247    2.000000000000
   -0.454974055290    2.000000000000
    0.506687521935    2.000000000000
   -1.744343638420    2.000000000000
    0.551523268223    2.000000000000
    0.650823652744    2.000000000000
    0.741549670696    2.000000000000
    0.129225909710    2.000000000000
   -1.669940114021    2.000000000000
    2.212987184525    2.000000000000
    0.326068371534    2.000000000000
    0.610754430294    2.000000000000
    0.781164944172    2.000000000000
   -0.134868875146    2.000000000000
    0.275899916887    2.000000000000
   -0.309696376324    2.000000000000
   -0.607999026775    2.000000000000
    0.753018379211    2.000000000000
   -0.602026581764    2.000000000000
    1.787428021431    2.000000000000
   -0.065875872970    2.000000000000
    1.475734353065    2.000000000000
   -0.189691469073    2.000000000000
    0.861653029919    2.000000000000
   -0.916760623455    2.000000000000
    1.899974346161    2.000000000000
    1.585889220238    2.000000000000
   -0.170183464885    2.000000000000
    0.272354781628    2.000000000000
    1.614810705185    2.000000000000
   -0.344271540642    2.000000000000
   -1.899321317673    2.000000000000
    1.454200029373    2.000000000000
   -0.419827342033    2.000000000000
   -0.819435298443    2.000000000000
   -1.248519062996    2.000000000000
   -1.192538499832    2.000000000000
    0.149189800024    2.000000000000
   -0.086989894509    2.000000000000
   -1.325226902962    2.000000000000
   -1.502626180649    2.000000000000
    1.421240687370    2.000000000000
    0.913112759590    2.000000000000
   -0.473537027836    2.000000000000
    0.260447949171    2.000000000000
   -0.255033314228    2.000000000000
    0.017171159387    2.000000000000
   -0.954142987728    2.000000000000
    2.701233863831    2.000000000000
    0.451776981354    2.000000000000
   -0.713811218739    2.000000000000
   -0.215783134103    2.000000000000
    0.880545437336    2.000000000000
   -0.956035077572    2.000000000000
    1.104693293571    2.000000000000
   -0.441867530346    2.000000000000
    1.927695035934    2.000000000000
    1.409151673317    2.000000000000
    0.353496879339    2.000000000000
   -0.580179095268    2.000000000000
    1.437800049782    2.000000000000
   -0.953279435635    2.000000000000
    0.431891977787    2.000000000000
    0.133798524737    2.000000000000
    1.377083897591    2.000000000000
    2.287049770355    2.000000000000
   -2.801234006882    2.000000000000
    1.004832148552    2.000000000000
    1.471847414970    2.000000000000
    0.753773093224    2.000000000000
    0.742809295654    2.000000000000
    1.613044738770    2.000000000000
   -0.003681689501    2.000000000000
    0.340971171856    2.000000000000
   -0.814952194691    2.000000000000
   -0.019306614995    2.000000000000
   -0.648240804672    2.000000000000
   -0.235355392098    2.000000000000
    1.348870754242    2.000000000000
    0.593683481216    2.000000000000
    0.443049281836    2.000000000000
   -0.420716345310    2.000000000000
    0.442917466164    2.000000000000
    0.063870713115    2.000000000000
    0.813794493675    2.000000000000
    0.504513263702    2.000000000000
    0.398833811283    2.000000000000
   -0.415436863899    2.000000000000
    1.172991394997    2.000000000000
    0.030899927020    2.000000000000
    1.614920854568    2.000000000000
   -1.619614839554    2.000000000000
   -0.016921907663    2.000000000000
    0.218157112598    2.000000000000
    1.008370757103    2.000000000000
   -1.967009544373    2.000000000000
    0.676628410816    2.000000000000
    0.638732373714    2.000000000000
    0.923164606094    2.000000000000
    0.737958669662    2.000000000000
    0.099398277700    2.000000000000
   -0.247515454888    2.000000000000
   -0.035360842943    2.000000000000
    0.364380478859    2.000000000000
    0.864739298820    2.000000000000
   -0.616959929466    2.000000000000
    1.584608435631    2.000000000000
    0.226460099220    2.000000000000
    1.649291753769    2.000000000000
   -0.546353399754    2.000000000000
    1.503800868988    2.000000000000
    1.340556025505    2.000000000000
   -1.061490893364    2.000000000000
   -0.732944071293    2.000000000000
   -0.167880788445    2.000000000000
    0.401146262884    2.000000000000
   -0.376273036003    2.000000000000
    0.477064847946    2.000000000000
   -0.320856451988    2.000000000000
    1.154008626938    2.000000000000
   -0.310909569263    2.000000000000
   -0.206125155091    2.000000000000
   -1.415898919106    2.000000000000
    1.102035403252    2.000000000000
   -0.254688560963    2.000000000000
   -0.529245972633    2.000000000000
    2.399822473526    2.000000000000
    0.023601233959    2.000000000000
   -0.237766429782    2.000000000000
    0.888543367386    2.000000000000
    0.093567185104    2.000000000000
    0.391259610653    2.000000000000
   -0.192321345210    2.000000000000
    0.352451860905    2.000000000000
    0.931444048882    2.000000000000
   -0.136233761907    2.000000000000
    3.050865411758    2.000000000000
   -0.705361068249    2.000000000000
   -0.689413487911    2.000000000000
   -0.919668257236    2.000000000000
   -0.850211679935    2.000000000000
   -2.369895219803    2.000000000000
   -0.097456082702    2.000000000000
   -0.388656616211    2.000000000000
    1.340744018555    2.000000000000
    0.642923891544    2.000000000000
    1.467594861984    2.000000000000
   -0.513057768345    2.000000000000
   -1.372384667397    2.000000000000
    0.348546117544    2.000000000000
    1.445196986198    2.000000000000
    0.353331923485    2.000000000000
    0.255608141422    2.000000000000
    0.235636636615    2.000000000000
    1.170038819313    2.000000000000
   -0.033800363541    2.000000000000
    0.096782095730    2.000000000000
   -0.951554834843    2.000000000000
   -0.872765004635    2.000000000000
    1.156039953232    2.000000000000
    0.654704928398    2.000000000000
   -1.111802816391    2.000000000000
   -0.484363257885    2.000000000000
    1.492096781731    2.000000000000
    0.744268178940    2.000000000000
    1.141634583473    2.000000000000
    3.154505491257    2.000000000000
    0.244025513530    2.000000000000
   -1.492896914482    2.000000000000
    0.914046704769    2.000000000000
    0.706046164036    2.000000000000
    0.222937941551    2.000000000000
    1.250540733337    2.000000000000
   -0.759142637253    2.000000000000
    1.359462857246    2.000000000000
    0.408740818501    2.000000000000
    1.067097783089    2.000000000000
   -0.205329284072    2.000000000000
    0.344979941845    2.000000000000
    1.934836506844    2.000000000000
    0.396029353142    2.000000000000
    1.128907084465    2.000000000000
   -0.944758117199    2.000000000000
   -1.066038250923    2.000000000000
    0.451551914215    2.000000000000
    0.160917505622    2.000000000000
   -0.548693597317    2.000000000000
    1.224306821823    2.000000000000
    0.040141507983    2.000000000000
    1.360012769699    2.000000000000
   -0.532064676285    2.000000000000
   -2.266359806061    2.000000000000
   -0.717333197594    2.000000000000
    0.398553669453    2.000000000000
   -0.125963315368    2.000000000000
    0.537386119366    2.000000000000
    0.595571875572    2.000000000000
   -1.918965101242    2.000000000000
    0.932321429253    2.000000000000
    0.275588840246    2.000000000000
   -0.468872249126    2.000000000000
    0.459804773331    2.000000000000
    0.672782361507    2.000000000000
   -1.540008187294    2.000000000000
   -1.108836889267    2.000000000000
    0.245273843408    2.000000000000
    0.332322061062    2.000000000000
    1.144844055176    2.000000000000
    2.257017612457    2.000000000000
   -0.435064852238    2.000000000000
   -0.700311422348    2.000000000000
    0.923857450485    2.000000000000
    0.032586753368    2.000000000000
    0.911187112331    2.000000000000
    1.645878076553    2.000000000000
   -0.938305675983    2.000000000000
    0.982653796673    2.000000000000
    0.768778681755    2.000000000000
   -0.431782960892    2.000000000000
    0.110395841300    2.000000000000
    1.250779628754    2.000000000000
    0.061171114445    2.000000000000
    0.285096108913    2.000000000000
   -0.005023166537    2.000000000000
   -0.994634568691    2.000000000000
    1.726516008377    2.000000000000
    0.527023851871    2.000000000000
    1.841030359268    2.000000000000
    0.003344282508    2.000000000000
    1.246740818024    2.000000000000
   -0.522892832756    2.000000000000
   -0.571825027466    2.000000000000
   -0.812721788883    2.000000000000
    1.309057712555    2.000000000000
   -1.316514849663    2.000000000000
    0.031722813845    2.000000000000
    2.101191759109    2.000000000000
   -1.933903932571    2.000000000000
    1.342871308327    2.000000000000
    1.855430364609    2.000000000000
    0.888073027134    2.000000000000
    0.640656292439    2.000000000000
    0.412391573191    2.000000000000
    0.806231856346    2.000000000000
   -0.808268725872    2.000000000000
    0.494441509247    2.000000000000
   -0.662611246109    2.000000000000
    0.159472480416    2.000000000000
    0.024442374706    2.000000000000
    1.054642677307    2.000000000000
    1.089231848717    2.000000000000
    1.214620947838    2.000000000000
   -0.088426783681    2.000000000000
    0.325197160244    2.000000000000
   -1.051002383232    2.000000000000
   -0.424814462662    2.000000000000
   -0.452521383762    2.000000000000
    0.130092427135    2.000000000000
   -0.082645431161    2.000000000000
    0.953217148781    2.000000000000
   -2.089132070541    2.000000000000
   -0.086359903216    2.000000000000
   -1.335048913956    2.000000000000
   -0.199501588941    2.000000000000
    1.372142553329    2.000000000000
   -0.519659459591    2.000000000000
    1.366296768188    2.000000000000
    0.828590691090    2.000000000000
    0.366602897644    2.000000000000
   -2.271792173386    2.000000000000
   -0.498362004757    2.000000000000
    0.885615766048    2.000000000000
    1.107639193535    2.000000000000
   -0.752856612206    2.000000000000
    0.502779364586    2.000000000000
   -0.412002265453    2.000000000000
    0.049952983856    2.000000000000
    2.270011186600    2.000000000000
   -0.035757973790    2.000000000000
   -2.853389263153    2.000000000000
    0.167900517583    2.000000000000
    0.671117007732    2.000000000000
   -0.386048316956    2.000000000000
   -1.814320564270    2.000000000000
    0.881569147110    2.000000000000
   -0.034049496055    2.000000000000
   -0.394611120224    2.000000000000
   -0.661727666855    2.000000000000
    0.366698563099    2.000000000000
    0.631564915180    2.000000000000
   -0.739347159863    2.000000000000
    0.285855650902    2.000000000000
   -0.414848387241    2.000000000000
   -1.059387087822    2.000000000000
    0.327441334724    2.000000000000
   -0.127368554473    2.000000000000
    1.045676708221    2.000000000000
    0.743605256081    2.000000000000
    0.319114446640    2.000000000000
    0.521440744400    2.000000000000
    0.553668677807    2.000000000000
    0.802975714207    2.000000000000
    1.671718716621    2.000000000000
   -0.267511904240    2.000000000000
    0.799839198589    2.000000000000
    1.483448505402    2.000000000000
   -2.051875352859    2.000000000000
    0.208691984415    2.000000000000
    0.168726906180    2.000000000000
   -1.082705497742    2.000000000000
    0.607622087002    2.000000000000
    0.190679773688    2.000000000000
   -0.729808866978    2.000000000000
   -1.095096945763    2.000000000000
    1.540716648102    2.000000000000
    0.758852243423    2.000000000000
    1.296672344208    2.000000000000
   -0.045972451568    2.000000000000
    0.853557527065    2.000000000000
    0.161415070295    2.000000000000
   -1.025650620461    2.000000000000
    0.714111983776    2.000000000000
    0.381179869175    2.000000000000
   -0.774322867393    2.000000000000
   -0.032068088651    2.000000000000
    1.052146077156    2.000000000000
   -3.058831214905    2.000000000000
    0.786884784698    2.000000000000
   -0.650149047375    2.000000000000
   -0.196393772960    2.000000000000
    1.661441206932    2.000000000000
   -0.813654482365    2.000000000000
   -2.541226387024    2.000000000000
    0.190575152636    2.000000000000
   -0.009787589312    2.000000000000
   -0.964068114758    2.000000000000
   -0.813519060612    2.000000000000
    2.087713241577    2.000000000000
   -0.228214129806    2.000000000000
   -0.020251542330    2.000000000000
    0.897065341473    2.000000000000
    0.948501467705    2.000000000000
   -0.571664333344    2.000000000000
   -1.018164038658    2.000000000000
   -1.133685588837    2.000000000000
    0.338132679462    2.000000000000
    0.910510301590    2.000000000000
   -1.007122635841    2.000000000000
   -0.393829762936    2.000000000000
   -0.436336457729    2.000000000000
    0.954227805138    2.000000000000
   -2.141316652298    2.000000000000
   -1.084478378296    2.000000000000
    1.300184845924    2.000000000000
    0.741161704063    2.000000000000
    0.184103012085    2.000000000000
    1.433753609657    2.000000000000
   -1.440183520317    2.000000000000
    0.249332323670    2.000000000000
    2.405167818069    2.000000000000
    1.328673601151    2.000000000000
    0.894425153732    2.000000000000
   -1.372155547142    2.000000000000
    0.534689903259    2.000000000000
    1.597409844398    2.000000000000
    1.575169682503    2.000000000000
    1.608301639557    2.000000000000
    0.661588966846    2.000000000000
    0.313120454550    2.000000000000
   -0.540183305740    2.000000000000
   -0.763857543468    2.000000000000
   -0.846635282040    2.000000000000
   -0.976857006550    2.000000000000
    0.254818499088    2.000000000000
    1.168728351593    2.000000000000
   -0.628757596016    2.000000000000
   -0.345927476883    2.000000000000
   -0.885084331036    2.000000000000
    1.629601359367    2.000000000000
    2.065777301788    2.000000000000
   -0.063333973289    2.000000000000
   -0.374229311943    2.000000000000
   -0.232006862760    2.000000000000
   -0.314635753632    2.000000000000
    0.467039823532    2.000000000000
   -1.683176159859    2.000000000000
    0.375680595636    2.000000000000
   -0.062199398875    2.000000000000
    0.092732980847    2.000000000000
   -0.337106764317    2.000000000000
    1.011760830879    2.000000000000
    0.073842972517    2.000000000000
    2.128136873245    2.000000000000
   -1.971788644791    2.000000000000
   -0.768693208694    2.000000000000
   -0.138411238790    2.000000000000
    0.310787916183    2.000000000000
    0.722533702850    2.000000000000
    0.806651294231    2.000000000000
   -1.289768457413    2.000000000000
    0.254680126905    2.000000000000
    0.269931256771    2.000000000000
    0.205353274941    2.000000000000
    0.127589583397    2.000000000000
   -0.067167893052    2.000000000000
    0.281298875809    2.000000000000
   -0.390792071819    2.000000000000
    0.066816270351    2.000000000000
   -0.659824609756    2.000000000000
    0.639736890793    2.000000000000
    0.195593789220    2.000000000000
    0.229347854853    2.000000000000
   -0.625513017178    2.000000000000
    0.295661747456    2.000000000000
    1.925448775291    2.000000000000
    0.016946494579    2.000000000000
    0.678456425667    2.000000000000
   -1.506453394890    2.000000000000
    0.091567210853    2.000000000000
    0.894554615021    2.000000000000
    0.327966749668    2.000000000000
   -0.324862122536    2.000000000000
    1.210112571716    2.000000000000
    0.287237882614    2.000000000000
    1.845228910446    2.000000000000
    0.161500781775    2.000000000000
   -0.239961311221    2.000000000000
    1.791639328003    2.000000000000
   -0.770758807659    2.000000000000
   -0.082127973437    2.000000000000
   -0.123782768846    2.000000000000
    1.092849016190    2.000000000000
    0.761606037617    2.000000000000
    1.133250355721    2.000000000000
   -1.045638918877    2.000000000000
    3.430364370346    2.000000000000
    0.748244345188    2.000000000000
    0.453146219254    2.000000000000
   -0.324559986591    2.000000000000
    1.976985335350    2.000000000000
