   -0.791128754616    1.000000000000
    0.472854197025    1.000000000000
   -1.065416693687    1.000000000000
    0.568469285965    1.000000000000
   -0.891364932060    1.000000000000
    1.810588955879    1.000000000000
    0.357791036367    1.000000000000
    1.343875885010    1.000000000000
   -0.013081339188    1.000000000000
    1.205375194550    1.000000000000
    0.625425159931    1.000000000000
    0.396531611681    1.000000000000
    1.084762454033    1.000000000000
    0.650818169117    1.000000000000
    0.244542881846    1.000000000000
   -0.321786582470    1.000000000000
    2.403145074844    1.000000000000
   -0.327785253525    1.000000000000
    0.367766827345    1.000000000000
    0.867091476917    1.000000000000
   -1.318309903145    1.000000000000
    0.100620314479    1.000000000000
   -1.538413405418    1.000000000000
    0.627358496189    1.000000000000
   -0.046677935869    1.000000000000
    0.692126810551    1.000000000000
    0.426320463419    1.000000000000
   -0.050595372915    1.000000000000
    0.403632879257    1.000000000000
    0.666662096977    1.000000000000
    0.883253633976    1.000000000000
    0.909380257130    1.000000000000
    0.211824610829    1.000000000000
    0.135707482696    1.000000000000
   -1.623912096024    1.000000000000
   -0.768066585064    1.000000000000
    0.117581665516    1.000000000000
    0.189221993089    1.000000000000
    0.557203292847    1.000000000000
    0.695239424706    1.000000000000
    0.424534350634    1.000000000000
   -0.512851357460    1.000000000000
    1.618805289268    1.000000000000
   -2.005093336105    1.000000000000
    1.478606104851    1.000000000000
   -1.045300483704    1.000000000000
   -1.698357105255    1.000000000000
    1.808456063271    1.000000000000
   -0.310247361660    1.000000000000
    1.191231608391    1.000000000000
   -0.001118619344    1.000000000000
   -0.520225942135    1.000000000000
    1.090089201927    1.000000000000
   -0.336674869061    1.000000000000
    0.557222425938    1.000000000000
   -0.161871388555    1.000000000000
    1.339250922203    1.000000000000
   -1.061341881752    1.000000000000
   -0.758104622364    1.000000000000
   -0.723633766174    1.000000000000
   -0.504359543324    1.000000000000
   -0.304895073175    1.000000000000
   -2.562866210938    1.000000000000
   -0.141406118870    1.000000000000
    0.941678464413    1.000000000000
   -0.959758639336    1.000000000000
   -0.416534453630    1.000000000000
   -0.750740230083    1.000000000000
    0.021938400343    1.000000000000
    0.875501573086    1.000000000000
    1.075180172920    1.000000000000
    0.541240751743    1.000000000000
   -0.329936623573    1.000000000000
    0.196612909436    1.000000000000
    0.164706423879    1.000000000000
    0.421838939190    1.000000000000
   -1.035997033119    1.000000000000
    0.915822923183    1.000000000000
   -0.197845771909    1.000000000000
   -0.330299586058    1.000000000000
   -1.011465549469    1.000000000000
    0.811222195625    1.000000000000
    1.021633863449    1.000000000000
    0.910407423973    1.000000000000
    1.782221794128    1.000000000000
    2.169563293457    1.000000000000
   -1.140860438347    1.000000000000
   -0.239134490490    1.000000000000
   -1.493768095970    1.000000000000
    0.435479819775    1.000000000000
   -1.281313180923    1.000000000000
    2.415839433670    1.000000000000
   -0.276702433825    1.000000000000
    1.503707289696    1.000000000000
    0.394907772541    1.000000000000
    1.971902847290    1.000000000000
    0.270029217005    1.000000000000
   -0.753950774670    1.000000000000
   -0.648425698280    1.000000000000
   -1.436887860298    1.000000000000
    0.804023981094    1.000000000000
    0.963429212570    1.000000000000
    0.389534443617    1.000000000000
   -0.740627348423    1.000000000000
   -0.260878711939    1.000000000000
    0.589295446873    1.000000000000
    0.947026848793    1.000000000000
    0.224000290036    1.000000000000
   -2.180898666382    1.000000000000
    0.268494367599    1.000000000000
    0.423160225153    1.000000000000
    0.794690072536    1.000000000000
   -1.553683042526    1.000000000000
    0.665016531944    1.000000000000
   -0.069848217070    1.000000000000
    0.779700875282    1.000000000000
    0.724636375904    1.000000000000
   -0.878853678703    1.000000000000
    1.704536914825    1.000000000000
   -0.541437208652    1.000000000000
    0.099145762622    1.000000000000
   -0.965314388275    1.000000000000
    0.859619736671    1.000000000000
    0.110107429326    1.000000000000
    0.796523928642    1.000000000000
   -0.064343184233    1.000000000000
    0.926589071751    1.000000000000
    1.174796462059    1.000000000000
   -1.259499311447    1.000000000000
   -1.138436436653    1.000000000000
   -0.498105615377    1.000000000000
    0.948713660240    1.000000000000
    0.740180253983    1.000000000000
    0.455381751060    1.000000000000
   -0.093958958983    1.000000000000
   -0.264926582575    1.000000000000
    0.077842906117    1.000000000000
    1.059660077095    1.000000000000
   -0.477230399847    1.000000000000
    0.687520623207    1.000000000000
    0.140728443861    1.000000000000
    0.158680796623    1.000000000000
    0.205547928810    1.000000000000
    0.272285282612    1.000000000000
    0.827953100204    1.000000000000
    0.467252820730    1.000000000000
   -0.346548259258    1.000000000000
    0.023243160918    1.000000000000
    0.214791923761    1.000000000000
   -0.190980345011    1.000000000000
   -0.886756181717    1.000000000000
   -0.115799814463    1.000000000000
    0.481980025768    1.000000000000
   -0.524288475513    1.000000000000
   -0.194629251957    1.000000000000
    1.203984975815    1.000000000000
   -1.627275705338    1.000000000000
   -1.343759655952    1.000000000000
    0.318940281868    1.000000000000
   -0.337188124657    1.000000000000
   -1.480363845825    1.000000000000
    0.697872459888    1.000000000000
   -1.482760906219    1.000000000000
    0.342372685671    1.000000000000
    1.598152279854    1.000000000000
   -0.807961642742    1.000000000000
   -0.812216281891    1.000000000000
    0.490506350994    1.000000000000
    0.944154858589    1.000000000000
    1.038455486298    1.000000000000
   -1.409396767616    1.000000000000
   -1.463375210762    1.000000000000
   -0.347480446100    1.000000000000
    1.842228055000    1.000000000000
   -0.079149886966    1.000000000000
    1.015132665634    1.000000000000
   -1.134958148003    1.000000000000
    0.467147976160    1.000000000000
   -0.974001884460    1.000000000000
    0.590177714825    1.000000000000
    0.060620825738    1.000000000000
   -0.126456126571    1.000000000000
    0.006545808632    1.000000000000
   -1.757626771927    1.000000000000
   -0.476981073618    1.000000000000
   -2.221585035324    1.000000000000
    0.627177059650    1.000000000000
   -0.134331807494    1.000000000000
    0.699803888798    1.000000000000
   -0.858475923538    1.000000000000
   -2.175028562546    1.000000000000
    0.146546199918    1.000000000000
   -0.275579482317    1.000000000000
   -0.315743386745    1.000000000000
    0.921637356281    1.000000000000
    2.003612756729    1.000000000000
    0.130164816976    1.000000000000
    0.052466958761    1.000000000000
   -1.421398758888    1.000000000000
   -0.582399845123    1.000000000000
   -0.447499543428    1.000000000000
    0.815502822399    1.000000000000
    0.499031126499    1.000000000000
   -0.884096801281    1.000000000000
   -0.295331656933    1.000000000000
    0.996348321438    1.000000000000
    0.248970955610    1.000000000000
    2.042224168777    1.000000000000
    0.628534734249    1.000000000000
    1.430901646614    1.000000000000
    1.263787269592    1.000000000000
   -0.693054437637    1.000000000000
   -0.274764329195    1.000000000000
    0.437912702560    1.000000000000
    0.372204065323    1.000000000000
    0.467917352915    1.000000000000
   -1.021979331970    1.000000000000
    0.456212460995    1.000000000000
   -2.472925901413    1.000000000000
   -1.519116282463    1.000000000000
    0.249125346541    1.000000000000
    0.521491706371    1.000000000000
   -0.505124807358    1.000000000000
    1.965913534164    1.000000000000
    0.211669534445    1.000000000000
   -0.418010681868    1.000000000000
   -1.941213011742    1.000000000000
    0.759013414383    1.000000000000
    1.960839629173    1.000000000000
    2.048618078232    1.000000000000
   -0.107570573688    1.000000000000
    1.732706069946    1.000000000000
    0.340823173523    1.000000000000
   -0.938111722469    1.000000000000
    0.430763542652    1.000000000000
    1.974373459816    1.000000000000
    0.668765306473    1.000000000000
    1.361172676086    1.000000000000
   -1.259016394615    1.000000000000
    0.440126001835    1.000000000000
    1.888732910156    1.000000000000
   -1.249075531960    1.000000000000
   -0.854206681252    1.000000000000
   -0.853041052818    1.000000000000
   -0.166979596019    1.000000000000
   -0.822305440903    1.000000000000
   -0.305014729500    1.000000000000
    0.339167267084    1.000000000000
    0.452248096466    1.000000000000
   -0.970330834389    1.000000000000
   -0.035486698151    1.000000000000
   -0.241270169616    1.000000000000
   -1.197571873665    1.000000000000
    1.182113051414    1.000000000000
   -1.765429377556    1.000000000000
    0.218605235219    1.000000000000
   -1.509276747704    1.000000000000
   -0.449205130339    1.000000000000
    0.264383256435    1.000000000000
   -1.109756350517    1.000000000000
    1.612149953842    1.000000000000
    1.230191230774    1.000000000000
   -0.446042537689    1.000000000000
    1.519999980927    1.000000000000
    1.842438697815    1.000000000000
   -1.219215989113    1.000000000000
   -0.629525363445    1.000000000000
    1.785440564156    1.000000000000
   -0.706689059734    1.000000000000
   -0.220397010446    1.000000000000
    1.154798746109    1.000000000000
    0.657786726952    1.000000000000
   -0.499170929193    1.000000000000
   -0.128358572721    1.000000000000
   -0.223592236638    1.000000000000
    1.362577199936    1.000000000000
   -0.661435425282    1.000000000000
    0.254124373198    1.000000000000
    0.755097627640    1.000000000000
    0.363083750010    1.000000000000
    1.192436337471    1.000000000000
    0.715101301670    1.000000000000
   -0.281909912825    1.000000000000
   -0.948737680912    1.000000000000
    1.764165997505    1.000000000000
    0.803571581841    1.000000000000
    1.158717751503    1.000000000000
   -1.339691042900    1.000000000000
   -0.784926831722    1.000000000000
   -0.151224344969    1.000000000000
   -0.092976614833    1.000000000000
    2.464457035065    1.000000000000
   -0.720463156700    1.000000000000
   -0.398512959480    1.000000000000
    0.682862877846    1.000000000000
   -0.408858835697    1.000000000000
    0.328265696764    1.000000000000
    0.050714727491    1.000000000000
    0.024489741772    1.000000000000
    0.997948288918    1.000000000000
    0.114231675863    1.000000000000
   -0.046136822551    1.000000000000
    0.931930184364    1.000000000000
   -1.196243643761    1.000000000000
   -0.900430262089    1.000000000000
   -1.183875083923    1.000000000000
    1.027458786964    1.000000000000
    0.967742919922    1.000000000000
    1.574314355850    1.000000000000
    0.450676351786    1.000000000000
    1.064744949341    1.000000000000
   -0.036389049143    1.000000000000
   -0.212756499648    1.000000000000
   -0.052207201719    1.000000000000
    0.822279393673    1.000000000000
    1.097591400146    1.000000000000
   -0.081765405834    1.000000000000
    0.355155646801    1.000000000000
    0.110973186791    1.000000000000
    0.309150278568    1.000000000000
   -1.046575665474    1.000000000000
   -0.785485386848    1.000000000000
   -1.682154536247    1.000000000000
   -0.124284252524    1.000000000000
   -1.549579143524    1.000000000000
   -0.277514696121    1.000000000000
    1.605829596519    1.000000000000
    0.409626960754    1.000000000000
    1.524230003357    1.000000000000
    0.240033328533    1.000000000000
   -2.009338140488    1.000000000000
    0.263312578201    1.000000000000
    1.227110028267    1.000000000000
    1.821769356728    1.000000000000
   -3.441956996918    1.000000000000
   -0.251494914293    1.000000000000
   -0.012866575271    1.000000000000
   -0.549694120884    1.000000000000
    0.924019634724    1.000000000000
   -0.821851789951    1.000000000000
   -1.759520530701    1.000000000000
    0.296214908361    1.000000000000
    0.246162161231    1.000000000000
   -1.109599709511    1.000000000000
   -0.739841461182    1.000000000000
    0.880809426308    1.000000000000
    1.580727338791    1.000000000000
   -1.473375320435    1.000000000000
    0.340033769608    1.000000000000
   -0.405681252480    1.000000000000
    0.313011854887    1.000000000000
   -0.604825556278    1.000000000000
    2.734326601028    1.000000000000
    1.012840628624    1.000000000000
    0.265570908785    1.000000000000
   -0.205982998013    1.000000000000
   -1.032327651978    1.000000000000
    0.922913432121    1.000000000000
    0.058183625340    1.000000000000
    2.051245450974    1.000000000000
    0.728754639626    1.000000000000
    0.059389390051    1.000000000000
   -0.197034195065    1.000000000000
    0.877041697502    1.000000000000
    0.672398686409    1.000000000000
    0.304453819990    1.000000000000
   -0.185049459338    1.000000000000
   -0.472938299179    1.000000000000
   -1.757178068161    1.000000000000
   -0.034043733031    1.000000000000
   -1.527937293053    1.000000000000
   -0.574432909489    1.000000000000
   -1.687172293663    1.000000000000
    0.450329542160    1.000000000000
   -2.358889818192    1.000000000000
   -1.767489671707    1.000000000000
    1.370666623116    1.000000000000
    0.227533727884    1.000000000000
    0.419066101313    1.000000000000
   -1.672491908073    1.000000000000
    0.611970722675    1.000000000000
   -0.956655263901    1.000000000000
    1.263029813766    1.000000000000
    1.123887658119    1.000000000000
    0.792105138302    1.000000000000
   -0.585458219051    1.000000000000
   -1.670415639877    1.000000000000
    0.492252349854    1.000000000000
   -0.050114214420    1.000000000000
    1.140688061714    1.000000000000
   -1.277658343315    1.000000000000
   -0.611762106419    1.000000000000
   -1.162066221237    1.000000000000
   -0.392795473337    1.000000000000
    0.849968194962    1.000000000000
   -1.115750432014    1.000000000000
   -0.446814417839    1.000000000000
    2.656594514847    1.000000000000
   -1.222303867340    1.000000000000
   -0.221583902836    1.000000000000
    2.987529993057    1.000000000000
    0.039748813957    1.000000000000
    1.493996739388    1.000000000000
   -0.408413290977    1.000000000000
   -2.173632860184    1.000000000000
   -1.213341593742    1.000000000000
   -0.812679409981    1.000000000000
   -0.750429987907    1.000000000000
   -1.892125368118    1.000000000000
   -2.198984146118    1.000000000000
   -0.258460164070    1.000000000000
   -0.319295287132    1.000000000000
   -0.612355113029    1.000000000000
   -0.953445494175    1.000000000000
   -2.074602842331    1.000000000000
    0.941003561020    1.000000000000
   -1.167704343796    1.000000000000
    0.317124903202    1.000000000000
    0.177390471101    1.000000000000
   -0.133738636971    1.000000000000
    1.150863170624    1.000000000000
   -1.594417929649    1.000000000000
   -0.249804034829    1.000000000000
   -0.580585062504    1.000000000000
   -0.369273066521    1.000000000000
   -0.393295288086    1.000000000000
    0.674566328526    1.000000000000
   -1.208198189735    1.000000000000
   -2.216287374496    1.000000000000
   -0.881934642792    1.000000000000
   -0.202988088131    1.000000000000
    0.347316682339    1.000000000000
   -0.260392040014    1.000000000000
    1.804326653481    1.000000000000
   -0.822109997272    1.000000000000
   -1.211276769638    1.000000000000
   -0.544843316078    1.000000000000
    0.406655222178    1.000000000000
    0.069992132485    1.000000000000
   -1.114120244980    1.000000000000
    0.620832383633    1.000000000000
    0.584210216999    1.000000000000
    0.536232411861    1.000000000000
   -0.944024443626    1.000000000000
   -0.090021505952    1.000000000000
   -1.612298369408    1.000000000000
   -0.291757941246    1.000000000000
   -1.413607835770    1.000000000000
    0.107459060848    1.000000000000
    1.956654191017    1.000000000000
   -1.324421167374    1.000000000000
   -1.493435263634    1.000000000000
   -0.702410042286    1.000000000000
   -2.330039978027    1.000000000000
    1.030160903931    1.000000000000
   -1.449313759804    1.000000000000
   -1.444968461990    1.000000000000
   -0.556345760822    1.000000000000
    0.725589156151    1.000000000000
    0.758536815643    1.000000000000
   -0.208019867539    1.000000000000
    0.457596659660    1.000000000000
   -0.996228575706    1.000000000000
    1.157314300537    1.000000000000
   -0.989585101604    1.000000000000
    0.764034092426    1.000000000000
   -0.430886715651    1.000000000000
    0.330847144127    1.000000000000
   -0.809988081455    1.000000000000
    1.035210847855    1.000000000000
    0.428322583437    1.000000000000
   -0.022874455899    1.000000000000
    0.293938755989    1.000000000000
    1.018047928810    1.000000000000
   -0.190082415938    1.000000000000
   -0.372261255980    1.000000000000
   -0.624134361744    1.000000000000
   -0.229989543557    1.000000000000
   -0.967023789883    1.000000000000
   -0.333514392376    1.000000000000
    1.181844830513    1.000000000000
   -1.509587287903    1.000000000000
    0.876639604568    1.000000000000
   -0.463203042746    1.000000000000
   -0.576044201851    1.000000000000
   -0.686096012592    1.000000000000
   -0.248817056417    1.000000000000
    0.750571370125    1.000000000000
   -0.013906937093    1.000000000000
   -0.903674662113    1.000000000000
   -0.697834074497    1.000000000000
   -0.204549625516    1.000000000000
    0.047843106091    1.000000000000
    0.783383846283    1.000000000000
    0.581159114838    1.000000000000
   -0.971782326698    1.000000000000
   -0.636712014675    1.000000000000
   -1.467445373535    1.000000000000
   -0.793142080307    1.000000000000
   -0.810722351074    1.000000000000
   -0.564261257648    1.000000000000
    0.731006562710    1.000000000000
    0.189637586474    1.000000000000
    1.725049614906    1.000000000000
    0.520018935204    1.000000000000
   -1.081632018089    1.000000000000
   -1.452324032784    1.000000000000
    1.643341064453    1.000000000000
   -0.029823096469    1.000000000000
    0.779157698154    1.000000000000
    0.414299190044    1.000000000000
    1.099358201027    1.000000000000
    1.301494002342    1.000000000000
    2.090498209000    1.000000000000
   -1.060668945312    1.000000000000
   -0.969680666924    1.000000000000
   -0.588760912418    1.000000000000
    1.113150119781    1.000000000000
    0.833351314068    1.000000000000
   -0.211702600121    1.000000000000
    0.354428291321    1.000000000000
   -0.293167889118    1.000000000000
    1.031956791878    1.000000000000
    0.891674697399    1.000000000000
    0.436180025339    1.000000000000
   -0.009530082345    1.000000000000
    0.480506479740    1.000000000000
   -0.294813692570    1.000000000000
    0.779205083847    1.000000000000
    0.287751883268    1.000000000000
   -1.295525431633    1.000000000000
    1.458236098289    1.000000000000
    0.541567027569    1.000000000000
    0.973498225212    1.000000000000
    1.655453562737    1.000000000000
    0.648072779179    1.000000000000
   -0.178749725223    1.000000000000
   -0.808440566063    1.000000000000
   -1.125375032425    1.000000000000
   -0.947919487953    1.000000000000
    0.001187273883    1.000000000000
    0.256954759359    1.000000000000
   -1.195949316025    1.000000000000
    1.347593784332    1.000000000000
    0.638857543468    1.000000000000
    1.352362036705    1.000000000000
    1.618999242783    1.000000000000
   -1.277636647224    1.000000000000
    0.309698104858    1.000000000000
   -0.380358666182    1.000000000000
    0.045461092144    1.000000000000
    1.454863667488    1.000000000000
   -1.444200754166    1.000000000000
    1.637860536575    1.000000000000
   -0.304084479809    1.000000000000
   -1.271124005318    1.000000000000
    2.126727581024    1.000000000000
   -0.502970576286    1.000000000000
   -0.618062078953    1.000000000000
   -0.709567308426    1.000000000000
    0.575245499611    1.000000000000
   -0.187155827880    1.000000000000
    0.659842848778    1.000000000000
   -0.250649899244    1.000000000000
   -0.365065962076    1.000000000000
    0.521921396255    1.000000000000
    0.426623702049    1.000000000000
    0.242772594094    1.000000000000
   -0.133562579751    1.000000000000
    0.103648841381    1.000000000000
    0.202524393797    1.000000000000
    1.587970733643    1.000000000000
    0.698224425316    1.000000000000
    1.141640424728    1.000000000000
   -0.457857191563    1.000000000000
   -1.488360762596    1.000000000000
    2.278363466263    1.000000000000
   -0.112819351256    1.000000000000
   -0.376716285944    1.000000000000
   -0.848198831081    1.000000000000
    0.105606451631    1.000000000000
   -0.671437680721    1.000000000000
    0.244300037622    1.000000000000
    0.754494726658    1.000000000000
    0.907056868076    1.000000000000
    0.979181230068    1.000000000000
    0.594251513481    1.000000000000
   -0.555775523186    1.000000000000
    2.292086124420    1.000000000000
   -2.015379190445    1.000000000000
   -1.012658596039    1.000000000000
   -0.706173181534    1.000000000000
   -1.480744361877    1.000000000000
    0.241516247392    1.000000000000
    0.324665784836    1.000000000000
   -1.761816382408    1.000000000000
   -1.349846959114    1.000000000000
    1.107557535172    1.000000000000
   -2.610527276993    1.000000000000
    0.063266575336    1.000000000000
   -0.265666842461    1.000000000000
   -1.130242109299    1.000000000000
    0.242969304323    1.000000000000
   -0.800116181374    1.000000000000
    0.654965937138    1.000000000000
    0.390498816967    1.000000000000
    0.218616947532    1.000000000000
   -0.028905466199    1.000000000000
   -1.161067962646    1.000000000000
   -0.509909510612    1.000000000000
   -0.649437129498    1.000000000000
    0.570717632771    1.000000000000
   -1.481492757797    1.000000000000
   -0.225593373179    1.000000000000
    0.179937019944    1.000000000000
    0.117480918765    1.000000000000
    1.728964924812    1.000000000000
    0.208094045520    1.000000000000
   -0.117300130427    1.000000000000
    0.076634414494    1.000000000000
   -0.044548112899    1.000000000000
    0.934162557125    1.000000000000
    0.926269173622    1.000000000000
   -0.912613570690    1.000000000000
    1.644347190857    1.000000000000
   -0.561993122101    1.000000000000
   -1.449355721474    1.000000000000
   -1.889235258102    1.000000000000
    0.563055932522    1.000000000000
    0.441664904356    1.000000000000
   -0.339788764715    1.000000000000
    2.676871061325    1.000000000000
   -0.921976149082    1.000000000000
   -0.578760504723    1.000000000000
   -1.320958971977    1.000000000000
    1.218553185463    1.000000000000
   -0.814078986645    1.000000000000
   -0.517466008663    1.000000000000
    1.270791411400    1.000000000000
    0.482103109360    1.000000000000
   -0.790032684803    1.000000000000
    0.916379213333    1.000000000000
   -0.338041812181    1.000000000000
    0.204444244504    1.000000000000
    0.166597932577    1.000000000000
    0.763956129551    1.000000000000
   -0.734727501869    1.000000000000
    0.217253983021    1.000000000000
    0.135597079992    1.000000000000
   -0.085910066962    1.000000000000
   -0.016746357083    1.000000000000
    0.945530891418    1.000000000000
   -0.471535891294    1.000000000000
   -0.172139883041    1.000000000000
   -0.272684842348    1.000000000000
    0.452487945557    1.000000000000
   -1.029638409615    1.000000000000
    0.622439682484    1.000000000000
   -1.090345263481    1.000000000000
   -0.192777261138    1.000000000000
   -0.169675856829    1.000000000000
    0.247749492526    1.000000000000
   -0.804573476315    1.000000000000
    0.267091453075    1.000000000000
    0.715700626373    1.000000000000
   -1.740212440491    1.000000000000
    0.172262459993    1.000000000000
   -0.587074100971    1.000000000000
    1.482787370682    1.000000000000
   -0.612479925156    1.000000000000
    1.169342160225    1.000000000000
   -0.067731581628    1.000000000000
   -0.187305271626    1.000000000000
   -0.087696649134    1.000000000000
    0.241365030408    1.000000000000
    1.199810981750    1.000000000000
   -1.939522266388    1.000000000000
   -0.217499911785    1.000000000000
    0.246963381767    1.000000000000
   -1.036520361900    1.000000000000
    0.399436295033    1.000000000000
    0.470435500145    1.000000000000
   -1.162371635437    1.000000000000
   -0.867560684681    1.000000000000
    1.048001408577    1.000000000000
   -1.845432400703    1.000000000000
    1.408851742744    1.000000000000
    1.895175695419    1.000000000000
    1.395646572113    1.000000000000
   -0.308697521687    1.000000000000
    0.324441671371    1.000000000000
   -0.889293134212    1.000000000000
    0.175904855132    1.000000000000
    0.864329755306    1.000000000000
   -0.744680821896    1.000000000000
   -0.804297685623    1.000000000000
   -1.558748245239    1.000000000000
   -0.309208184481    1.000000000000
    0.725381433964    1.000000000000
   -0.993951618671    1.000000000000
    0.324447393417    1.000000000000
   -0.708862125874    1.000000000000
    0.176568746567    1.000000000000
   -0.102523557842    1.000000000000
   -1.473428845406    1.000000000000
   -0.241141185164    1.000000000000
   -1.693384170532    1.000000000000
    0.873054265976    1.000000000000
    0.173771306872    1.000000000000
   -1.183112859726    1.000000000000
   -0.110934346914    1.000000000000
    1.500399589539    1.000000000000
   -0.092602446675    1.000000000000
   -0.660617470741    1.000000000000
    0.356242626905    1.000000000000
    0.184780806303    1.000000000000
    0.397965401411    1.000000000000
   -0.603652596474    1.000000000000
   -0.754428029060    1.000000000000
   -0.294005930424    1.000000000000
   -0.024151733145    1.000000000000
    0.553626298904    1.000000000000
    0.356833636761    1.000000000000
   -0.590494036674    1.000000000000
   -0.909771502018    1.000000000000
    0.111368775368    1.000000000000
   -0.248424381018    1.000000000000
    0.291501462460    1.000000000000
    1.290415167809    1.000000000000
   -0.620528280735    1.000000000000
   -0.926454126835    1.000000000000
    1.686639904976    1.000000000000
    0.660155594349    1.000000000000
    0.866869390011    1.000000000000
   -0.938087344170    1.000000000000
   -1.564429521561    1.000000000000
    0.825943350792    1.000000000000
   -0.385428160429    1.000000000000
    1.634341478348    1.000000000000
   -0.233800530434    1.000000000000
   -0.293555974960    1.000000000000
    0.774705946445    1.000000000000
   -0.861618936062    1.000000000000
    0.749967157841    1.000000000000
    0.739884138107    1.000000000000
   -1.239787340164    1.000000000000
   -2.732760906219    1.000000000000
    2.107270479202    1.000000000000
   -0.566029071808    1.000000000000
    1.529243469238    1.000000000000
   -1.994657874107    1.000000000000
    1.558411002159    1.000000000000
   -0.102451033890    1.000000000000
    0.187350764871    1.000000000000
   -0.512613415718    1.000000000000
    0.178082883358    1.000000000000
    1.264702916145    1.000000000000
   -0.013472770341    1.000000000000
    0.829533696175    1.000000000000
   -0.062418580055    1.000000000000
    1.181949615479    1.000000000000
   -0.686983704567    1.000000000000
    0.246509537101    1.000000000000
   -1.938585996628    1.000000000000
    0.290031969547    1.000000000000
    0.386423736811    1.000000000000
    0.474492251873    1.000000000000
   -0.119895733893    1.000000000000
   -1.866361856461    1.000000000000
    1.902829289436    1.000000000000
    0.071180969477    1.000000000000
    0.347528189421    1.000000000000
    0.512947201729    1.000000000000
   -0.376254826784    1.000000000000
    0.022482009605    1.000000000000
   -0.545961380005    1.000000000000
   -0.835526347160    1.000000000000
    0.485625028610    1.000000000000
   -0.829728841782    1.000000000000
    1.489735364914    1.000000000000
   -0.309282720089    1.000000000000
    1.187171578407    1.000000000000
   -0.429471611977    1.000000000000
    0.591077685356    1.000000000000
   -1.135244011879    1.000000000000
    1.598985075951    1.000000000000
    1.294099926949    1.000000000000
   -0.410535007715    1.000000000000
    0.019040711224    1.000000000000
    1.322174191475    1.000000000000
   -0.579523742199    1.000000000000
   -2.089023828506    1.000000000000
    1.166268110275    1.000000000000
   -0.652866482735    1.000000000000
   -1.040769457817    1.000000000000
   -1.457284808159    1.000000000000
   -1.402943968773    1.000000000000
   -0.100516602397    1.000000000000
   -0.329778283834    1.000000000000
   -1.531745791435    1.000000000000
   -1.674505472183    2.000000000000
    1.243497371674    2.000000000000
    0.736388623714    2.000000000000
   -0.647480130196    2.000000000000
    0.085032790899    2.000000000000
   -0.429414629936    2.000000000000
   -0.157756090164    2.000000000000
   -1.127122163773    2.000000000000
    2.520923614502    2.000000000000
    0.275978088379    2.000000000000
   -0.887272477150    2.000000000000
   -0.390243202448    2.000000000000
    0.703886687756    2.000000000000
   -1.129010558128    2.000000000000
    0.927584886551    2.000000000000
   -0.615874111652    2.000000000000
    1.748936057091    2.000000000000
    1.231432795525    2.000000000000
    0.177895084023    2.000000000000
   -0.753908336163    2.000000000000
    1.260023474693    2.000000000000
   -1.126260399818    2.000000000000
    0.256132990122    2.000000000000
   -0.041362635791    2.000000000000
    1.199429154396    2.000000000000
    2.107570171356    2.000000000000
   -2.970508813858    2.000000000000
    0.827924013138    2.000000000000
    1.294002652168    2.000000000000
    0.577368557453    2.000000000000
    0.566426753998    2.000000000000
    1.434916734695    2.000000000000
   -0.178567141294    2.000000000000
    0.165394499898    2.000000000000
   -0.988210558891    2.000000000000
   -0.194160699844    2.000000000000
   -0.821833491325    2.000000000000
   -0.409776210785    2.000000000000
    1.171272516251    2.000000000000
    0.417599946260    2.000000000000
    0.267267882824    2.000000000000
   -0.594765365124    2.000000000000
    0.267136335373    2.000000000000
   -0.111150220037    2.000000000000
    0.637269556522    2.000000000000
    0.328608602285    2.000000000000
    0.223141089082    2.000000000000
   -0.589496493340    2.000000000000
    0.995746016502    2.000000000000
   -0.144054859877    2.000000000000
    1.436789035797    2.000000000000
   -1.791259527206    2.000000000000
   -0.191780805588    2.000000000000
    0.042826764286    2.000000000000
    0.831455528736    2.000000000000
   -2.137957572937    2.000000000000
    0.500378549099    2.000000000000
    0.462558507919    2.000000000000
    0.746420323849    2.000000000000
    0.561585783958    2.000000000000
   -0.075693890452    2.000000000000
   -0.421911895275    2.000000000000
   -0.210182756186    2.000000000000
    0.188756898046    2.000000000000
    0.688112199306    2.000000000000
   -0.790615379810    2.000000000000
    1.406537532806    2.000000000000
    0.051113091409    2.000000000000
    1.471091270447    2.000000000000
   -0.720150470734    2.000000000000
    1.325892090797    2.000000000000
    1.162974596024    2.000000000000
   -1.234254837036    2.000000000000
   -0.906366884708    2.000000000000
   -0.342436909676    2.000000000000
    0.225448921323    2.000000000000
   -0.550411164761    2.000000000000
    0.301215231419    2.000000000000
   -0.495105803013    2.000000000000
    0.976801335812    2.000000000000
   -0.485178798437    2.000000000000
   -0.380604594946    2.000000000000
   -1.587952017784    2.000000000000
    0.924932360649    2.000000000000
   -0.429070621729    2.000000000000
   -0.703077375889    2.000000000000
    2.220116615295    2.000000000000
   -0.151338905096    2.000000000000
   -0.412182420492    2.000000000000
    0.711868524551    2.000000000000
   -0.081513293087    2.000000000000
    0.215582057834    2.000000000000
   -0.366828471422    2.000000000000
    0.176852181554    2.000000000000
    0.754683196545    2.000000000000
   -0.310853362083    2.000000000000
    2.869853973389    2.000000000000
   -0.878839254379    2.000000000000
   -0.862923681736    2.000000000000
   -1.092716574669    2.000000000000
   -1.023399233818    2.000000000000
   -2.540035009384    2.000000000000
   -0.272153437138    2.000000000000
   -0.562769949436    2.000000000000
    1.163162112236    2.000000000000
    0.466741651297    2.000000000000
    1.289758563042    2.000000000000
   -0.686921596527    2.000000000000
   -1.544525146484    2.000000000000
    0.172954276204    2.000000000000
    1.267405629158    2.000000000000
    0.177730455995    2.000000000000
    0.080202691257    2.000000000000
    0.060271233320    2.000000000000
    0.992799401283    2.000000000000
   -0.208625391126    2.000000000000
   -0.078304827213    2.000000000000
   -1.124539256096    2.000000000000
   -1.045907378197    2.000000000000
    0.978828668594    2.000000000000
    0.478499054909    2.000000000000
   -1.284465909004    2.000000000000
   -0.658284604549    2.000000000000
    1.314211487770    2.000000000000
    0.567882716656    2.000000000000
    0.964452147484    2.000000000000
    2.973286151886    2.000000000000
    0.068643286824    2.000000000000
   -1.664795517921    2.000000000000
    0.737320721149    2.000000000000
    0.529737353325    2.000000000000
    0.047598011792    2.000000000000
    1.073139786720    2.000000000000
   -0.932512938976    2.000000000000
    1.181843400002    2.000000000000
    0.233028218150    2.000000000000
    0.890064775944    2.000000000000
   -0.379810333252    2.000000000000
    0.169395238161    2.000000000000
    1.756063342094    2.000000000000
    0.220342248678    2.000000000000
    0.951750159264    2.000000000000
   -1.117756247520    2.000000000000
   -1.238793134689    2.000000000000
    0.275753498077    2.000000000000
   -0.014298042282    2.000000000000
   -0.722485959530    2.000000000000
    1.046958446503    2.000000000000
   -0.134831830859    2.000000000000
    1.182392239571    2.000000000000
   -0.705890417099    2.000000000000
   -2.436707258224    2.000000000000
   -0.890787363052    2.000000000000
    0.222861513495    2.000000000000
   -0.300603508949    2.000000000000
    0.361415535212    2.000000000000
    0.419484585524    2.000000000000
   -2.090009212494    2.000000000000
    0.755558788776    2.000000000000
    0.100143305957    2.000000000000
   -0.642824709415    2.000000000000
    0.283989816904    2.000000000000
    0.496540188789    2.000000000000
   -1.711812496185    2.000000000000
   -1.281505942345    2.000000000000
    0.069889105856    2.000000000000
    0.156762719154    2.000000000000
    0.967655122280    2.000000000000
    2.077598333359    2.000000000000
   -0.609085083008    2.000000000000
   -0.873799741268    2.000000000000
    0.747111797333    2.000000000000
   -0.142371430993    2.000000000000
    0.734466850758    2.000000000000
    1.467684388161    2.000000000000
   -1.111316680908    2.000000000000
    0.805790245533    2.000000000000
    0.592343986034    2.000000000000
   -0.605809807777    2.000000000000
   -0.064718388021    2.000000000000
    1.073378324509    2.000000000000
   -0.113844379783    2.000000000000
    0.109631508589    2.000000000000
   -0.179905906320    2.000000000000
   -1.167532682419    2.000000000000
    1.548160552979    2.000000000000
    0.351074069738    2.000000000000
    1.662445306778    2.000000000000
   -0.171555250883    2.000000000000
    1.069347620010    2.000000000000
   -0.696736931801    2.000000000000
   -0.745571017265    2.000000000000
   -0.985984683037    2.000000000000
    1.131539344788    2.000000000000
   -1.488767385483    2.000000000000
   -0.143233627081    2.000000000000
    1.922084808350    2.000000000000
   -2.104918003082    2.000000000000
    1.165285229683    2.000000000000
    1.676816344261    2.000000000000
    0.711399137974    2.000000000000
    0.464478611946    2.000000000000
    0.236671671271    2.000000000000
    0.629722058773    2.000000000000
   -0.981540501118    2.000000000000
    0.318557053804    2.000000000000
   -0.836175143719    2.000000000000
   -0.015740169212    2.000000000000
   -0.150499463081    2.000000000000
    0.877634704113    2.000000000000
    0.912154495716    2.000000000000
    1.037292003632    2.000000000000
   -0.263142287731    2.000000000000
    0.149652123451    2.000000000000
   -1.223787307739    2.000000000000
   -0.598855257034    2.000000000000
   -0.626506686211    2.000000000000
   -0.045061305165    2.000000000000
   -0.257372498512    2.000000000000
    0.776412606239    2.000000000000
   -2.259835004807    2.000000000000
   -0.261079549789    2.000000000000
   -1.507264256477    2.000000000000
   -0.373994290829    2.000000000000
    1.194497704506    2.000000000000
   -0.693510055542    2.000000000000
    1.188663601875    2.000000000000
    0.652036130428    2.000000000000
    0.190974801779    2.000000000000
   -2.442128658295    2.000000000000
   -0.672255337238    2.000000000000
    0.708946824074    2.000000000000
    0.930524885654    2.000000000000
   -0.926239490509    2.000000000000
    0.326878160238    2.000000000000
   -0.586068809032    2.000000000000
   -0.125040039420    2.000000000000
    2.090565681458    2.000000000000
   -0.210579082370    2.000000000000
   -3.022559642792    2.000000000000
   -0.007329043932    2.000000000000
    0.494878172874    2.000000000000
   -0.560166895390    2.000000000000
   -1.985574841499    2.000000000000
    0.704908251762    2.000000000000
   -0.208874031901    2.000000000000
   -0.568712532520    2.000000000000
   -0.835293352604    2.000000000000
    0.191070273519    2.000000000000
    0.455405414104    2.000000000000
   -0.912757158279    2.000000000000
    0.110389508307    2.000000000000
   -0.588909208775    2.000000000000
   -1.232155323029    2.000000000000
    0.151891812682    2.000000000000
   -0.302005916834    2.000000000000
    0.868686735630    2.000000000000
    0.567221105099    2.000000000000
    0.143581628799    2.000000000000
    0.345502167940    2.000000000000
    0.377665430307    2.000000000000
    0.626472473145    2.000000000000
    1.493473052979    2.000000000000
   -0.441868215799    2.000000000000
    0.623342216015    2.000000000000
    1.305580496788    2.000000000000
   -2.222653150558    2.000000000000
    0.033380612731    2.000000000000
   -0.006504311226    2.000000000000
   -1.255427002907    2.000000000000
    0.431510657072    2.000000000000
    0.015404534526    2.000000000000
   -0.903237998486    2.000000000000
   -1.267793536186    2.000000000000
    1.362733840942    2.000000000000
    0.582437515259    2.000000000000
    1.119179010391    2.000000000000
   -0.220773071051    2.000000000000
    0.676952898502    2.000000000000
   -0.013801479712    2.000000000000
   -1.198486447334    2.000000000000
    0.537787020206    2.000000000000
    0.205522567034    2.000000000000
   -0.947662770748    2.000000000000
   -0.206896603107    2.000000000000
    0.875143110752    2.000000000000
   -3.227589368820    2.000000000000
    0.610413849354    2.000000000000
   -0.823737919331    2.000000000000
   -0.370892733335    2.000000000000
    1.483216285706    2.000000000000
   -0.986915409565    2.000000000000
   -2.711022615433    2.000000000000
    0.015300123021    2.000000000000
   -0.184660762548    2.000000000000
   -1.137027502060    2.000000000000
   -0.986780285835    2.000000000000
    1.908633589745    2.000000000000
   -0.402649253607    2.000000000000
   -0.195103734732    2.000000000000
    0.720373392105    2.000000000000
    0.771706342697    2.000000000000
   -0.745410680771    2.000000000000
   -1.191014885902    2.000000000000
   -1.306304812431    2.000000000000
    0.162561714649    2.000000000000
    0.733791410923    2.000000000000
   -1.179995656013    2.000000000000
   -0.567932724953    2.000000000000
   -0.610354185104    2.000000000000
    0.777421236038    2.000000000000
   -2.311914920807    2.000000000000
   -1.257196187973    2.000000000000
    1.122684359550    2.000000000000
    0.564782440662    2.000000000000
    0.008840960450    2.000000000000
    1.255985379219    2.000000000000
   -1.612187981606    2.000000000000
    0.073939450085    2.000000000000
    2.225451231003    2.000000000000
    1.151115894318    2.000000000000
    0.717738509178    2.000000000000
   -1.544296503067    2.000000000000
    0.358724683523    2.000000000000
    1.419313311577    2.000000000000
    1.397117614746    2.000000000000
    1.430183172226    2.000000000000
    0.485369265079    2.000000000000
    0.137599647045    2.000000000000
   -0.713992774487    2.000000000000
   -0.937218427658    2.000000000000
   -1.019830107689    2.000000000000
   -1.149790644646    2.000000000000
    0.079414628446    2.000000000000
    0.991491615772    2.000000000000
   -0.802389383316    2.000000000000
   -0.520126521587    2.000000000000
   -1.058202147484    2.000000000000
    1.451440215111    2.000000000000
    1.886741518974    2.000000000000
   -0.238099798560    2.000000000000
   -0.548371613026    2.000000000000
   -0.406434386969    2.000000000000
   -0.488897562027    2.000000000000
    0.291210383177    2.000000000000
   -1.854693412781    2.000000000000
    0.200034305453    2.000000000000
   -0.236967474222    2.000000000000
   -0.082345820963    2.000000000000
   -0.511323511600    2.000000000000
    0.834838867188    2.000000000000
   -0.101197943091    2.000000000000
    1.948975920677    2.000000000000
   -2.142726898193    2.000000000000
   -0.942044317722    2.000000000000
   -0.313026487827    2.000000000000
    0.135271802545    2.000000000000
    0.546191811562    2.000000000000
    0.630140662193    2.000000000000
   -1.462074518204    2.000000000000
    0.079276524484    2.000000000000
    0.094497077167    2.000000000000
    0.030048597604    2.000000000000
   -0.047559130937    2.000000000000
   -0.241926014423    2.000000000000
    0.105841889977    2.000000000000
   -0.564901113510    2.000000000000
   -0.108210541308    2.000000000000
   -0.833394110203    2.000000000000
    0.463561028242    2.000000000000
    0.020308690146    2.000000000000
    0.053995072842    2.000000000000
   -0.799151301384    2.000000000000
    0.120175972581    2.000000000000
    1.746694207191    2.000000000000
   -0.157980307937    2.000000000000
    0.502202868462    2.000000000000
   -1.678325057030    2.000000000000
   -0.083509258926    2.000000000000
    0.717867672443    2.000000000000
    0.152416154742    2.000000000000
   -0.499103397131    2.000000000000
    1.032792806625    2.000000000000
    0.111768983305    2.000000000000
    1.666635274887    2.000000000000
   -0.013715931214    2.000000000000
   -0.414372891188    2.000000000000
    1.613153338432    2.000000000000
   -0.944105803967    2.000000000000
   -0.256856083870    2.000000000000
   -0.298427343369    2.000000000000
    0.915764451027    2.000000000000
    0.585185766220    2.000000000000
    0.956084728241    2.000000000000
   -1.218434691429    2.000000000000
    3.248591661453    2.000000000000
    0.571850895882    2.000000000000
    0.277344554663    2.000000000000
   -0.498801887035    2.000000000000
    1.798127412796    2.000000000000
   -0.860276341438    2.000000000000
    0.054324835539    2.000000000000
    0.377831518650    2.000000000000
   -1.317127704620    2.000000000000
    0.454009979963    2.000000000000
   -0.425913989544    2.000000000000
    1.891303420067    2.000000000000
    0.503968298435    2.000000000000
   -3.977505445480    2.000000000000
   -2.634745597839    2.000000000000
   -1.124264717102    2.000000000000
   -2.419315576553    2.000000000000
   -1.205392837524    2.000000000000
    1.706877350807    2.000000000000
    0.276249289513    2.000000000000
    0.025144441053    2.000000000000
    0.123459026217    2.000000000000
   -0.275106728077    2.000000000000
   -0.339793533087    2.000000000000
    0.873613417149    2.000000000000
   -0.438107073307    2.000000000000
    1.440041422844    2.000000000000
   -0.686321616173    2.000000000000
    0.096391335130    2.000000000000
    0.278479576111    2.000000000000
    0.476356714964    2.000000000000
    1.027984499931    2.000000000000
    0.172145694494    2.000000000000
    0.443095803261    2.000000000000
    1.200010299683    2.000000000000
    0.193233057857    2.000000000000
   -0.356852501631    2.000000000000
   -0.220019817352    2.000000000000
    0.929982900620    2.000000000000
    0.509652793407    2.000000000000
    1.296469807625    2.000000000000
   -0.384124279022    2.000000000000
    0.028737202287    2.000000000000
   -1.097366452217    2.000000000000
    0.204298689961    2.000000000000
   -0.921060502529    2.000000000000
    0.564187824726    2.000000000000
    1.438914537430    2.000000000000
    1.292843699455    2.000000000000
    0.176079884171    2.000000000000
    1.233546495438    2.000000000000
    1.419986248016    2.000000000000
   -0.819333493710    2.000000000000
    0.546445012093    2.000000000000
   -0.784842133522    2.000000000000
    0.748984158039    2.000000000000
    1.087103962898    2.000000000000
    0.078100800514    2.000000000000
   -1.005203008652    2.000000000000
   -0.959040343761    2.000000000000
   -0.869405806065    2.000000000000
    0.922915339470    2.000000000000
    0.116755664349    2.000000000000
   -0.141077771783    2.000000000000
   -0.462416440248    2.000000000000
   -0.209889292717    2.000000000000
    1.341165065765    2.000000000000
   -0.564771234989    2.000000000000
    1.069389104843    2.000000000000
   -1.110244870186    2.000000000000
   -0.455830693245    2.000000000000
    0.703696310520    2.000000000000
    0.628837704659    2.000000000000
    0.371029764414    2.000000000000
   -0.198731198907    2.000000000000
    2.228524923325    2.000000000000
   -0.464547932148    2.000000000000
   -0.209083482623    2.000000000000
   -0.713900983334    2.000000000000
   -1.415580511093    2.000000000000
   -0.102697268128    2.000000000000
    0.291173100471    2.000000000000
   -1.231152653694    2.000000000000
   -0.876189410686    2.000000000000
   -0.227457985282    2.000000000000
   -0.046682134271    2.000000000000
   -0.853107988834    2.000000000000
   -0.648692488670    2.000000000000
   -0.195582523942    2.000000000000
    0.552725970745    2.000000000000
   -0.191074952483    2.000000000000
   -0.950354695320    2.000000000000
   -0.270871669054    2.000000000000
   -1.262405872345    2.000000000000
    1.542181968689    2.000000000000
    0.144879788160    2.000000000000
    1.736377835274    2.000000000000
    1.538714408875    2.000000000000
   -0.841022849083    2.000000000000
   -1.454770326614    2.000000000000
    1.016613125801    2.000000000000
    0.887786448002    2.000000000000
    0.723435282707    2.000000000000
   -1.117065191269    2.000000000000
    0.180844575167    2.000000000000
    0.002264259383    2.000000000000
   -0.278056353331    2.000000000000
   -0.094458423555    2.000000000000
   -1.445412993431    2.000000000000
    0.677663266659    2.000000000000
    0.419027268887    2.000000000000
   -1.599710106850    2.000000000000
   -0.548933386803    2.000000000000
   -1.075973749161    2.000000000000
    0.781355619431    2.000000000000
   -0.676854133606    2.000000000000
   -0.130907967687    2.000000000000
    0.413383990526    2.000000000000
   -0.304940462112    2.000000000000
    1.660953998566    2.000000000000
   -0.190112233162    2.000000000000
   -1.548937559128    2.000000000000
   -1.458213686943    2.000000000000
    0.029203832150    2.000000000000
    0.468059390783    2.000000000000
   -0.653914749622    2.000000000000
   -0.756808876991    2.000000000000
    2.433673143387    2.000000000000
   -1.290547251701    2.000000000000
   -0.406798332930    2.000000000000
   -1.660640120506    2.000000000000
   -0.436788499355    2.000000000000
    1.201687455177    2.000000000000
   -1.236403107643    2.000000000000
   -0.716958045959    2.000000000000
   -0.494039446115    2.000000000000
   -1.048876643181    2.000000000000
    0.409159153700    2.000000000000
    0.344613671303    2.000000000000
   -1.492619395256    2.000000000000
   -2.503608226776    2.000000000000
   -0.160137400031    2.000000000000
    0.894610106945    2.000000000000
   -0.411423355341    2.000000000000
    1.212191224098    2.000000000000
   -1.264148354530    2.000000000000
    1.531099081039    2.000000000000
    0.438205659389    2.000000000000
    1.202784657478    2.000000000000
    1.033252477646    2.000000000000
    0.268448352814    2.000000000000
    0.198489233851    2.000000000000
   -0.055039405823    2.000000000000
    0.610847890377    2.000000000000
    0.619529664516    2.000000000000
    1.616593956947    2.000000000000
   -0.101479314268    2.000000000000
   -1.112430334091    2.000000000000
   -2.201818943024    2.000000000000
   -0.649577438831    2.000000000000
   -0.100357264280    2.000000000000
   -0.385551452637    2.000000000000
    0.502586960793    2.000000000000
   -0.336906403303    2.000000000000
    0.099909611046    2.000000000000
   -1.407505273819    2.000000000000
   -0.289177358150    2.000000000000
   -0.175619959831    2.000000000000
   -0.872026443481    2.000000000000
    0.266272574663    2.000000000000
    1.448861956596    2.000000000000
   -0.591772079468    2.000000000000
    1.278173208237    2.000000000000
    0.924179792404    2.000000000000
    0.349656045437    2.000000000000
    1.254038095474    2.000000000000
   -1.719619274139    2.000000000000
   -1.391314148903    2.000000000000
    0.935199797153    2.000000000000
   -0.292344510555    2.000000000000
   -0.778487801552    2.000000000000
   -0.753770530224    2.000000000000
    0.860144853592    2.000000000000
   -0.032391671091    2.000000000000
    0.812244653702    2.000000000000
   -0.353028297424    2.000000000000
   -0.376671940088    2.000000000000
   -0.360971093178    2.000000000000
   -0.508571743965    2.000000000000
    0.327436119318    2.000000000000
   -0.160825714469    2.000000000000
    0.446338355541    2.000000000000
   -0.207769885659    2.000000000000
   -1.580519437790    2.000000000000
   -0.875293076038    2.000000000000
    0.071954004467    2.000000000000
   -0.073196493089    2.000000000000
    1.066600680351    2.000000000000
    0.980406105518    2.000000000000
    0.663060486317    2.000000000000
   -0.981307506561    2.000000000000
   -0.696307182312    2.000000000000
   -0.479089945555    2.000000000000
   -0.540476441383    2.000000000000
   -0.156655937433    2.000000000000
   -0.642737627029    2.000000000000
   -1.620080709457    2.000000000000
    0.206259936094    2.000000000000
    0.780870437622    2.000000000000
    0.633465707302    2.000000000000
   -0.912242949009    2.000000000000
    0.707495748997    2.000000000000
    0.693746566772    2.000000000000
    1.416447043419    2.000000000000
    0.389887988567    2.000000000000
   -1.187890768051    2.000000000000
   -0.572826802731    2.000000000000
    0.983899295330    2.000000000000
    0.094713851810    2.000000000000
   -0.408161640167    2.000000000000
    0.838584542274    2.000000000000
    1.426804900169    2.000000000000
   -0.723513007164    2.000000000000
    0.149824276567    2.000000000000
   -1.488177180290    2.000000000000
   -0.981235742569    2.000000000000
   -0.575193166733    2.000000000000
   -0.474844843149    2.000000000000
   -1.453988194466    2.000000000000
   -0.100110024214    2.000000000000
    0.107815518975    2.000000000000
   -0.545510351658    2.000000000000
    0.148057281971    2.000000000000
   -0.245922759175    2.000000000000
    0.971210837364    2.000000000000
   -1.910244822502    2.000000000000
    0.682480573654    2.000000000000
    1.544363856316    2.000000000000
    1.453678846359    2.000000000000
    1.527759552002    2.000000000000
   -0.069568030536    2.000000000000
   -1.014684319496    2.000000000000
    0.342073470354    2.000000000000
   -0.423305332661    2.000000000000
   -0.942186295986    2.000000000000
   -0.196206539869    2.000000000000
    0.195743456483    2.000000000000
   -1.133049249649    2.000000000000
   -2.201797723770    2.000000000000
    0.463578224182    2.000000000000
   -0.016286315396    2.000000000000
    0.124979883432    2.000000000000
    0.254196554422    2.000000000000
    1.973157644272    2.000000000000
    0.356878489256    2.000000000000
    2.115767002106    2.000000000000
    1.595731854439    2.000000000000
   -1.203399538994    2.000000000000
   -0.895736098289    2.000000000000
    0.797565877438    2.000000000000
    0.784161508083    2.000000000000
   -0.261452823877    2.000000000000
    1.524981260300    2.000000000000
   -0.731985569000    2.000000000000
    0.741266608238    2.000000000000
    1.105243325233    2.000000000000
   -0.452084749937    2.000000000000
   -0.250391751528    2.000000000000
   -0.786723136902    2.000000000000
    0.425594061613    2.000000000000
    0.596287846565    2.000000000000
    0.331430703402    2.000000000000
    0.655231177807    2.000000000000
   -1.787585258484    2.000000000000
    2.566094398499    2.000000000000
    0.550985813141    2.000000000000
    0.573060393333    2.000000000000
   -1.505803823471    2.000000000000
    1.035635948181    2.000000000000
   -0.195471167564    2.000000000000
    1.336028575897    2.000000000000
    0.478042572737    2.000000000000
    2.385287284851    2.000000000000
    1.134664416313    2.000000000000
    1.588335752487    2.000000000000
   -0.121707402170    2.000000000000
    1.741629838943    2.000000000000
    0.511865854263    2.000000000000
   -0.538003265858    2.000000000000
   -1.349060654640    2.000000000000
   -0.277523845434    2.000000000000
   -0.892864465714    2.000000000000
   -0.742713749409    2.000000000000
    1.752764940262    2.000000000000
    0.611230850220    2.000000000000
   -1.252085208893    2.000000000000
   -0.582483828068    2.000000000000
    1.373856902122    2.000000000000
   -1.551054239273    2.000000000000
   -0.944173097610    2.000000000000
   -0.806242942810    2.000000000000
    0.527432978153    2.000000000000
   -1.168496966362    2.000000000000
    0.724745750427    2.000000000000
    3.141104221344    2.000000000000
   -0.215870946646    2.000000000000
    0.213940486312    2.000000000000
    0.525587022305    2.000000000000
    2.958332300186    2.000000000000
   -0.406012564898    2.000000000000
   -0.126909077168    2.000000000000
    0.326744854450    2.000000000000
    1.212033987045    2.000000000000
   -0.306074202061    2.000000000000
    0.020353289321    2.000000000000
    0.453870594501    2.000000000000
   -1.845061779022    2.000000000000
   -1.023120522499    2.000000000000
    0.083834476769    2.000000000000
   -0.178479999304    2.000000000000
   -0.371106982231    2.000000000000
    0.643313288689    2.000000000000
    1.053342700005    2.000000000000
   -1.323445677757    2.000000000000
    0.904068887234    2.000000000000
   -0.191684365273    2.000000000000
   -0.382034569979    2.000000000000
    0.135693594813    2.000000000000
    0.404835820198    2.000000000000
   -0.585300505161    2.000000000000
   -1.816263675690    2.000000000000
    0.058424368501    2.000000000000
    0.862630546093    2.000000000000
    0.540145039558    2.000000000000
    0.281762480736    2.000000000000
    0.026422448456    2.000000000000
    0.826722979546    2.000000000000
   -0.548267424107    2.000000000000
    0.308764904737    2.000000000000
    1.398774623871    2.000000000000
   -0.980862557888    2.000000000000
   -1.555557608604    2.000000000000
   -0.841084361076    2.000000000000
   -0.764723360538    2.000000000000
   -0.311748415232    2.000000000000
    0.577086865902    2.000000000000
   -0.904145896435    2.000000000000
    0.565881729126    2.000000000000
   -0.986317574978    2.000000000000
   -1.102221846581    2.000000000000
    2.168853521347    2.000000000000
    0.082931198180    2.000000000000
    0.559900403023    2.000000000000
   -0.249751821160    2.000000000000
   -1.205450057983    2.000000000000
    0.649214625359    2.000000000000
   -0.000754144741    2.000000000000
   -0.037997290492    2.000000000000
   -0.595794439316    2.000000000000
   -0.860656797886    2.000000000000
   -0.837253630161    2.000000000000
   -0.994131803513    2.000000000000
   -0.567990183830    2.000000000000
    0.286515802145    2.000000000000
   -0.701125383377    2.000000000000
    0.318360835314    2.000000000000
   -0.770696699619    2.000000000000
   -0.310265600681    2.000000000000
   -1.098979234695    2.000000000000
    0.607991874218    2.000000000000
    1.403760671616    2.000000000000
   -0.541092336178    2.000000000000
    1.384155273438    2.000000000000
   -1.991600871086    2.000000000000
   -1.264246344566    2.000000000000
   -0.010204297490    2.000000000000
    0.545303881168    2.000000000000
   -0.276596814394    2.000000000000
    0.064239516854    2.000000000000
    0.338040769100    2.000000000000
   -1.364642381668    2.000000000000
    0.238995462656    2.000000000000
   -0.071343332529    2.000000000000
   -1.798161745071    2.000000000000
   -0.422682315111    2.000000000000
    0.373734295368    2.000000000000
    0.653030276299    2.000000000000
    1.284956097603    2.000000000000
    0.687208890915    2.000000000000
    0.202492713928    2.000000000000
    1.647487759590    2.000000000000
    0.443553447723    2.000000000000
   -0.860396385193    2.000000000000
    0.462511688471    2.000000000000
    0.403426826000    2.000000000000
    0.168460026383    2.000000000000
    0.317197531462    2.000000000000
   -2.618243932724    2.000000000000
   -1.517531037331    2.000000000000
    0.225787729025    2.000000000000
    0.229387104511    2.000000000000
    0.319959729910    2.000000000000
   -0.066528238356    2.000000000000
   -0.034166615456    2.000000000000
   -0.424497127533    2.000000000000
