   -0.791128754616    1.000000000000
    0.472854197025    1.000000000000
   -1.065416693687    1.000000000000
    0.568469285965    1.000000000000
   -0.891364932060    1.000000000000
    1.810588955879    1.000000000000
    0.357791036367    1.000000000000
    1.343875885010    1.000000000000
   -0.013081339188    1.000000000000
    1.205375194550    1.000000000000
    0.625425159931    1.000000000000
    0.396531611681    1.000000000000
    1.084762454033    1.000000000000
    0.650818169117    1.000000000000
    0.244542881846    1.000000000000
   -0.321786582470    1.000000000000
    2.403145074844    1.000000000000
   -0.327785253525    1.000000000000
    0.367766827345    1.000000000000
    0.867091476917    1.000000000000
   -1.318309903145    1.000000000000
    0.100620314479    1.000000000000
   -1.538413405418    1.000000000000
    0.627358496189    1.000000000000
   -0.046677935869    1.000000000000
    0.692126810551    1.000000000000
    0.426320463419    1.000000000000
   -0.050595372915    1.000000000000
    0.403632879257    1.000000000000
    0.666662096977    1.000000000000
    0.883253633976    1.000000000000
    0.909380257130    1.000000000000
    0.211824610829    1.000000000000
    0.135707482696    1.000000000000
   -1.623912096024    1.000000000000
   -0.768066585064    1.000000000000
    0.117581665516    1.000000000000
    0.189221993089    1.000000000000
    0.557203292847    1.000000000000
    0.695239424706    1.000000000000
    0.424534350634    1.000000000000
   -0.512851357460    1.000000000000
    1.618805289268    1.000000000000
   -2.005093336105    1.000000000000
    1.478606104851    1.000000000000
   -1.045300483704    1.000000000000
   -1.698357105255    1.000000000000
    1.808456063271    1.000000000000
   -0.310247361660    1.000000000000
    1.191231608391    1.000000000000
   -0.001118619344    1.000000000000
   -0.520225942135    1.000000000000
    1.090089201927    1.000000000000
   -0.336674869061    1.000000000000
    0.557222425938    1.000000000000
   -0.161871388555    1.000000000000
    1.339250922203    1.000000000000
   -1.061341881752    1.000000000000
   -0.758104622364    1.000000000000
   -0.723633766174    1.000000000000
   -0.504359543324    1.000000000000
   -0.304895073175    1.000000000000
   -2.562866210938    1.000000000000
   -0.141406118870    1.000000000000
    0.941678464413    1.000000000000
   -0.959758639336    1.000000000000
   -0.416534453630    1.000000000000
   -0.750740230083    1.000000000000
    0.021938400343    1.000000000000
    0.875501573086    1.000000000000
    1.075180172920    1.000000000000
    0.541240751743    1.000000000000
   -0.329936623573    1.000000000000
    0.196612909436    1.000000000000
    0.164706423879    1.000000000000
    0.421838939190    1.000000000000
   -1.035997033119    1.000000000000
    0.915822923183    1.000000000000
   -0.197845771909    1.000000000000
   -0.330299586058    1.000000000000
   -1.011465549469    1.000000000000
    0.811222195625    1.000000000000
    1.021633863449    1.000000000000
    0.910407423973    1.000000000000
    1.782221794128    1.000000000000
    2.169563293457    1.000000000000
   -1.140860438347    1.000000000000
   -0.239134490490    1.000000000000
   -1.493768095970    1.000000000000
    0.435479819775    1.000000000000
   -1.281313180923    1.000000000000
    2.415839433670    1.000000000000
   -0.276702433825    1.000000000000
    1.503707289696    1.000000000000
    0.394907772541    1.000000000000
    1.971902847290    1.000000000000
    0.270029217005    1.000000000000
   -0.753950774670    1.000000000000
   -0.648425698280    1.000000000000
   -1.436887860298    1.000000000000
    0.804023981094    1.000000000000
    0.963429212570    1.000000000000
    0.389534443617    1.000000000000
   -0.740627348423    1.000000000000
   -0.260878711939    1.000000000000
    0.589295446873    1.000000000000
    0.947026848793    1.000000000000
    0.224000290036    1.000000000000
   -2.180898666382    1.000000000000
    0.268494367599    1.000000000000
    0.423160225153    1.000000000000
    0.794690072536    1.000000000000
   -1.553683042526    1.000000000000
    0.665016531944    1.000000000000
   -0.069848217070    1.000000000000
    0.779700875282    1.000000000000
    0.724636375904    1.000000000000
   -0.878853678703    1.000000000000
    1.704536914825    1.000000000000
   -0.541437208652    1.000000000000
    0.099145762622    1.000000000000
   -0.965314388275    1.000000000000
    0.859619736671    1.000000000000
    0.110107429326    1.000000000000
    0.796523928642    1.000000000000
   -0.064343184233    1.000000000000
    0.926589071751    1.000000000000
    1.174796462059    1.000000000000
   -1.259499311447    1.000000000000
   -1.138436436653    1.000000000000
   -0.498105615377    1.000000000000
    0.948713660240    1.000000000000
    0.740180253983    1.000000000000
    0.455381751060    1.000000000000
   -0.093958958983    1.000000000000
   -0.264926582575    1.000000000000
    0.077842906117    1.000000000000
    1.059660077095    1.000000000000
   -0.477230399847    1.000000000000
    0.687520623207    1.000000000000
    0.140728443861    1.000000000000
    0.158680796623    1.000000000000
    0.205547928810    1.000000000000
    0.272285282612    1.000000000000
    0.827953100204    1.000000000000
    0.467252820730    1.000000000000
   -0.346548259258    1.000000000000
    0.023243160918    1.000000000000
    0.214791923761    1.000000000000
   -0.190980345011    1.000000000000
   -0.886756181717    1.000000000000
   -0.115799814463    1.000000000000
    0.481980025768    1.000000000000
   -0.524288475513    1.000000000000
   -0.194629251957    1.000000000000
    1.203984975815    1.000000000000
   -1.627275705338    1.000000000000
   -1.343759655952    1.000000000000
    0.318940281868    1.000000000000
   -0.337188124657    1.000000000000
   -1.480363845825    1.000000000000
    0.697872459888    1.000000000000
   -1.482760906219    1.000000000000
    0.342372685671    1.000000000000
    1.598152279854    1.000000000000
   -0.807961642742    1.000000000000
   -0.812216281891    1.000000000000
    0.490506350994    1.000000000000
    0.944154858589    1.000000000000
    1.038455486298    1.000000000000
   -1.409396767616    1.000000000000
   -1.463375210762    1.000000000000
   -0.347480446100    1.000000000000
    1.842228055000    1.000000000000
   -0.079149886966    1.000000000000
    1.015132665634    1.000000000000
   -1.134958148003    1.000000000000
    0.467147976160    1.000000000000
   -0.974001884460    1.000000000000
    0.590177714825    1.000000000000
    0.060620825738    1.000000000000
   -0.126456126571    1.000000000000
    0.006545808632    1.000000000000
   -1.757626771927    1.000000000000
   -0.476981073618    1.000000000000
   -2.221585035324    1.000000000000
    0.627177059650    1.000000000000
   -0.134331807494    1.000000000000
    0.699803888798    1.000000000000
   -0.858475923538    1.000000000000
   -2.175028562546    1.000000000000
    0.146546199918    1.000000000000
   -0.275579482317    1.000000000000
   -0.315743386745    1.000000000000
    0.921637356281    1.000000000000
    2.003612756729    1.000000000000
    0.130164816976    1.000000000000
    0.052466958761    1.000000000000
   -1.421398758888    1.000000000000
   -0.582399845123    1.000000000000
   -0.447499543428    1.000000000000
    0.815502822399    1.000000000000
    0.499031126499    1.000000000000
   -0.884096801281    1.000000000000
   -0.295331656933    1.000000000000
    0.996348321438    1.000000000000
    0.248970955610    1.000000000000
    2.042224168777    1.000000000000
    0.628534734249    1.000000000000
    1.430901646614    1.000000000000
    1.263787269592    1.000000000000
   -0.693054437637    1.000000000000
   -0.274764329195    1.000000000000
    0.437912702560    1.000000000000
    0.372204065323    1.000000000000
    0.467917352915    1.000000000000
   -1.021979331970    1.000000000000
    0.456212460995    1.000000000000
   -2.472925901413    1.000000000000
   -1.519116282463    1.000000000000
    0.249125346541    1.000000000000
    0.521491706371    1.000000000000
   -0.505124807358    1.000000000000
    1.965913534164    1.000000000000
    0.211669534445    1.000000000000
   -0.418010681868    1.000000000000
   -1.941213011742    1.000000000000
    0.759013414383    1.000000000000
    1.960839629173    1.000000000000
    2.048618078232    1.000000000000
   -0.107570573688    1.000000000000
    1.732706069946    1.000000000000
    0.340823173523    1.000000000000
   -0.938111722469    1.000000000000
    0.430763542652    1.000000000000
    1.974373459816    1.000000000000
    0.668765306473    1.000000000000
    1.361172676086    1.000000000000
   -1.259016394615    1.000000000000
    0.440126001835    1.000000000000
    1.888732910156    1.000000000000
   -1.249075531960    1.000000000000
   -0.854206681252    1.000000000000
   -0.853041052818    1.000000000000
   -0.166979596019    1.000000000000
   -0.822305440903    1.000000000000
   -0.305014729500    1.000000000000
    0.339167267084    1.000000000000
    0.452248096466    1.000000000000
   -0.970330834389    1.000000000000
   -0.035486698151    1.000000000000
   -0.241270169616    1.000000000000
   -1.197571873665    1.000000000000
    1.182113051414    1.000000000000
   -1.765429377556    1.000000000000
    0.218605235219    1.000000000000
   -1.509276747704    1.000000000000
   -0.449205130339    1.000000000000
    0.264383256435    1.000000000000
   -1.109756350517    1.000000000000
    1.612149953842    1.000000000000
    1.230191230774    1.000000000000
   -0.446042537689    1.000000000000
    1.519999980927    1.000000000000
    1.842438697815    1.000000000000
   -1.219215989113    1.000000000000
   -0.629525363445    1.000000000000
    1.785440564156    1.000000000000
   -0.706689059734    1.000000000000
   -0.220397010446    1.000000000000
    1.154798746109    1.000000000000
    0.657786726952    1.000000000000
   -0.499170929193    1.000000000000
   -0.128358572721    1.000000000000
   -0.223592236638    1.000000000000
    1.362577199936    1.000000000000
   -0.661435425282    1.000000000000
    0.254124373198    1.000000000000
    0.755097627640    1.000000000000
    0.363083750010    1.000000000000
    1.192436337471    1.000000000000
    0.715101301670    1.000000000000
   -0.281909912825    1.000000000000
   -0.948737680912    1.000000000000
    1.764165997505    1.000000000000
    0.803571581841    1.000000000000
    1.158717751503    1.000000000000
   -1.339691042900    1.000000000000
   -0.784926831722    1.000000000000
   -0.151224344969    1.000000000000
   -0.092976614833    1.000000000000
    2.464457035065    1.000000000000
   -0.720463156700    1.000000000000
   -0.398512959480    1.000000000000
    0.682862877846    1.000000000000
   -0.408858835697    1.000000000000
    0.328265696764    1.000000000000
    0.050714727491    1.000000000000
    0.024489741772    1.000000000000
    0.997948288918    1.000000000000
    0.114231675863    1.000000000000
   -0.046136822551    1.000000000000
    0.931930184364    1.000000000000
   -1.196243643761    1.000000000000
   -0.900430262089    1.000000000000
   -1.183875083923    1.000000000000
    1.027458786964    1.000000000000
    0.967742919922    1.000000000000
    1.574314355850    1.000000000000
    0.450676351786    1.000000000000
    1.064744949341    1.000000000000
   -0.036389049143    1.000000000000
   -0.212756499648    1.000000000000
   -0.052207201719    1.000000000000
    0.822279393673    1.000000000000
    1.097591400146    1.000000000000
   -0.081765405834    1.000000000000
    0.355155646801    1.000000000000
    0.110973186791    1.000000000000
    0.309150278568    1.000000000000
   -1.046575665474    1.000000000000
   -0.785485386848    1.000000000000
   -1.682154536247    1.000000000000
   -0.124284252524    1.000000000000
   -1.549579143524    1.000000000000
   -0.277514696121    1.000000000000
    1.605829596519    1.000000000000
    0.409626960754    1.000000000000
    1.524230003357    1.000000000000
    0.240033328533    1.000000000000
   -2.009338140488    1.000000000000
    0.263312578201    1.000000000000
    1.227110028267    1.000000000000
    1.821769356728    1.000000000000
   -3.441956996918    1.000000000000
   -0.251494914293    1.000000000000
   -0.012866575271    1.000000000000
   -0.549694120884    1.000000000000
    0.924019634724    1.000000000000
   -0.821851789951    1.000000000000
   -1.759520530701    1.000000000000
    0.296214908361    1.000000000000
    0.246162161231    1.000000000000
   -1.109599709511    1.000000000000
   -0.739841461182    1.000000000000
    0.880809426308    1.000000000000
    1.580727338791    1.000000000000
   -1.473375320435    1.000000000000
    0.340033769608    1.000000000000
   -0.405681252480    1.000000000000
    0.313011854887    1.000000000000
   -0.604825556278    1.000000000000
    2.734326601028    1.000000000000
    1.012840628624    1.000000000000
    0.265570908785    1.000000000000
   -0.205982998013    1.000000000000
   -1.032327651978    1.000000000000
    0.922913432121    1.000000000000
    0.058183625340    1.000000000000
    2.051245450974    1.000000000000
    0.728754639626    1.000000000000
    0.059389390051    1.000000000000
   -0.197034195065    1.000000000000
    0.877041697502    1.000000000000
    0.672398686409    1.000000000000
    0.304453819990    1.000000000000
   -0.185049459338    1.000000000000
   -0.472938299179    1.000000000000
   -1.757178068161    1.000000000000
   -0.034043733031    1.000000000000
   -1.527937293053    1.000000000000
   -0.574432909489    1.000000000000
   -1.687172293663    1.000000000000
    0.450329542160    1.000000000000
   -2.358889818192    1.000000000000
   -1.767489671707    1.000000000000
    1.370666623116    1.000000000000
    0.227533727884    1.000000000000
    0.419066101313    1.000000000000
   -1.672491908073    1.000000000000
    0.611970722675    1.000000000000
   -0.956655263901    1.000000000000
    1.263029813766    1.000000000000
    1.123887658119    1.000000000000
    0.792105138302    1.000000000000
   -0.585458219051    1.000000000000
   -1.670415639877    1.000000000000
    0.492252349854    1.000000000000
   -0.050114214420    1.000000000000
    1.140688061714    1.000000000000
   -1.277658343315    1.000000000000
   -0.611762106419    1.000000000000
   -1.162066221237    1.000000000000
   -0.392795473337    1.000000000000
    0.849968194962    1.000000000000
   -1.115750432014    1.000000000000
   -0.446814417839    1.000000000000
    2.656594514847    1.000000000000
   -1.222303867340    1.000000000000
   -0.221583902836    1.000000000000
    2.987529993057    1.000000000000
    0.039748813957    1.000000000000
    1.493996739388    1.000000000000
   -0.408413290977    1.000000000000
   -2.173632860184    1.000000000000
   -1.213341593742    1.000000000000
   -0.812679409981    1.000000000000
   -0.750429987907    1.000000000000
   -1.892125368118    1.000000000000
   -2.198984146118    1.000000000000
   -0.258460164070    1.000000000000
   -0.319295287132    1.000000000000
   -0.612355113029    1.000000000000
   -0.953445494175    1.000000000000
   -2.074602842331    1.000000000000
    0.941003561020    1.000000000000
   -1.167704343796    1.000000000000
    0.317124903202    1.000000000000
    0.177390471101    1.000000000000
   -0.133738636971    1.000000000000
    1.150863170624    1.000000000000
   -1.594417929649    1.000000000000
   -0.249804034829    1.000000000000
   -0.580585062504    1.000000000000
   -0.369273066521    1.000000000000
   -0.393295288086    1.000000000000
    0.674566328526    1.000000000000
   -1.208198189735    1.000000000000
   -2.216287374496    1.000000000000
   -0.881934642792    1.000000000000
   -0.202988088131    1.000000000000
    0.347316682339    1.000000000000
   -0.260392040014    1.000000000000
    1.804326653481    1.000000000000
   -0.822109997272    1.000000000000
   -1.211276769638    1.000000000000
   -0.544843316078    1.000000000000
    0.406655222178    1.000000000000
    0.069992132485    1.000000000000
   -1.114120244980    1.000000000000
    0.620832383633    1.000000000000
    0.584210216999    1.000000000000
    0.536232411861    1.000000000000
   -0.944024443626    1.000000000000
   -0.090021505952    1.000000000000
   -1.612298369408    1.000000000000
   -0.291757941246    1.000000000000
   -1.413607835770    1.000000000000
    0.107459060848    1.000000000000
    1.956654191017    1.000000000000
   -1.324421167374    1.000000000000
   -1.493435263634    1.000000000000
   -0.702410042286    1.000000000000
   -2.330039978027    1.000000000000
    1.030160903931    1.000000000000
   -1.449313759804    1.000000000000
   -1.444968461990    1.000000000000
   -0.556345760822    1.000000000000
    0.725589156151    1.000000000000
    0.758536815643    1.000000000000
   -0.208019867539    1.000000000000
    0.457596659660    1.000000000000
   -0.996228575706    1.000000000000
    1.157314300537    1.000000000000
   -0.989585101604    1.000000000000
    0.764034092426    1.000000000000
   -0.430886715651    1.000000000000
    0.330847144127    1.000000000000
   -0.809988081455    1.000000000000
    1.035210847855    1.000000000000
    0.428322583437    1.000000000000
   -0.022874455899    1.000000000000
    0.293938755989    1.000000000000
    1.018047928810    1.000000000000
   -0.190082415938    1.000000000000
   -0.372261255980    1.000000000000
   -0.624134361744    1.000000000000
   -0.229989543557    1.000000000000
   -0.967023789883    1.000000000000
   -0.333514392376    1.000000000000
    1.181844830513    1.000000000000
   -1.509587287903    1.000000000000
    0.876639604568    1.000000000000
   -0.463203042746    1.000000000000
   -0.576044201851    1.000000000000
   -0.686096012592    1.000000000000
   -0.248817056417    1.000000000000
    0.750571370125    1.000000000000
   -0.013906937093    1.000000000000
   -0.903674662113    1.000000000000
   -0.697834074497    1.000000000000
   -0.204549625516    1.000000000000
    0.047843106091    1.000000000000
    0.783383846283    1.000000000000
    0.581159114838    1.000000000000
   -0.971782326698    1.000000000000
   -0.636712014675    1.000000000000
   -1.467445373535    1.000000000000
   -0.793142080307    1.000000000000
   -0.810722351074    1.000000000000
   -0.564261257648    1.000000000000
    0.731006562710    1.000000000000
    0.189637586474    1.000000000000
    1.725049614906    1.000000000000
    0.520018935204    1.000000000000
   -1.081632018089    1.000000000000
   -1.452324032784    1.000000000000
    1.643341064453    1.000000000000
   -0.029823096469    1.000000000000
    0.779157698154    1.000000000000
    0.414299190044    1.000000000000
    1.099358201027    1.000000000000
    1.301494002342    1.000000000000
    2.090498209000    1.000000000000
   -1.060668945312    1.000000000000
   -0.969680666924    1.000000000000
   -0.588760912418    1.000000000000
    1.113150119781    1.000000000000
    0.833351314068    1.000000000000
   -0.211702600121    1.000000000000
    0.354428291321    1.000000000000
   -0.293167889118    1.000000000000
    1.031956791878    1.000000000000
    0.891674697399    1.000000000000
    0.436180025339    1.000000000000
   -0.009530082345    1.000000000000
    0.480506479740    1.000000000000
   -0.294813692570    1.000000000000
    0.779205083847    1.000000000000
    0.287751883268    1.000000000000
   -1.295525431633    1.000000000000
    1.458236098289    1.000000000000
    0.541567027569    1.000000000000
    0.973498225212    1.000000000000
    1.655453562737    1.000000000000
    0.648072779179    1.000000000000
   -0.178749725223    1.000000000000
   -0.808440566063    1.000000000000
   -1.125375032425    1.000000000000
   -0.947919487953    1.000000000000
    0.001187273883    1.000000000000
    0.256954759359    1.000000000000
   -1.195949316025    1.000000000000
    1.347593784332    1.000000000000
    0.638857543468    1.000000000000
    1.352362036705    1.000000000000
    1.618999242783    1.000000000000
   -1.277636647224    1.000000000000
    0.309698104858    1.000000000000
   -0.380358666182    1.000000000000
    0.045461092144    1.000000000000
    1.454863667488    1.000000000000
   -1.444200754166    1.000000000000
    1.637860536575    1.000000000000
   -0.304084479809    1.000000000000
   -1.271124005318    1.000000000000
    2.126727581024    1.000000000000
   -0.502970576286    1.000000000000
   -0.618062078953    1.000000000000
   -0.709567308426    1.000000000000
    0.575245499611    1.000000000000
   -0.187155827880    1.000000000000
    0.659842848778    1.000000000000
   -0.250649899244    1.000000000000
   -0.365065962076    1.000000000000
    0.521921396255    1.000000000000
    0.426623702049    1.000000000000
    0.242772594094    1.000000000000
   -0.133562579751    1.000000000000
    0.103648841381    1.000000000000
    0.202524393797    1.000000000000
    1.587970733643    1.000000000000
    0.698224425316    1.000000000000
    1.141640424728    1.000000000000
   -0.457857191563    1.000000000000
   -1.488360762596    1.000000000000
    2.278363466263    1.000000000000
   -0.112819351256    1.000000000000
   -0.376716285944    1.000000000000
   -0.848198831081    1.000000000000
    0.105606451631    1.000000000000
   -0.671437680721    1.000000000000
    0.244300037622    1.000000000000
    0.754494726658    1.000000000000
    0.907056868076    1.000000000000
    0.979181230068    1.000000000000
    0.594251513481    1.000000000000
   -0.555775523186    1.000000000000
    2.292086124420    1.000000000000
   -2.015379190445    1.000000000000
   -1.012658596039    1.000000000000
   -0.706173181534    1.000000000000
   -1.480744361877    1.000000000000
    0.241516247392    1.000000000000
    0.324665784836    1.000000000000
   -1.761816382408    1.000000000000
   -1.349846959114    1.000000000000
    1.107557535172    1.000000000000
   -2.610527276993    1.000000000000
    0.063266575336    1.000000000000
   -0.265666842461    1.000000000000
   -1.130242109299    1.000000000000
    0.242969304323    1.000000000000
   -0.800116181374    1.000000000000
    0.654965937138    1.000000000000
    0.390498816967    1.000000000000
    0.218616947532    1.000000000000
   -0.028905466199    1.000000000000
   -1.161067962646    1.000000000000
   -0.509909510612    1.000000000000
   -0.649437129498    1.000000000000
    0.570717632771    1.000000000000
   -1.481492757797    1.000000000000
   -0.225593373179    1.000000000000
    0.179937019944    1.000000000000
    0.117480918765    1.000000000000
    1.728964924812    1.000000000000
    0.208094045520    1.000000000000
   -0.117300130427    1.000000000000
    0.076634414494    1.000000000000
   -0.044548112899    1.000000000000
    0.934162557125    1.000000000000
    0.926269173622    1.000000000000
   -0.912613570690    1.000000000000
    1.644347190857    1.000000000000
   -0.561993122101    1.000000000000
   -1.449355721474    1.000000000000
   -1.889235258102    1.000000000000
    0.563055932522    1.000000000000
    0.441664904356    1.000000000000
   -0.339788764715    1.000000000000
    2.676871061325    1.000000000000
   -0.921976149082    1.000000000000
   -0.578760504723    1.000000000000
   -1.320958971977    1.000000000000
    1.218553185463    1.000000000000
   -0.814078986645    1.000000000000
   -0.517466008663    1.000000000000
    1.270791411400    1.000000000000
    0.482103109360    1.000000000000
   -0.790032684803    1.000000000000
    0.916379213333    1.000000000000
   -0.338041812181    1.000000000000
    0.204444244504    1.000000000000
    0.166597932577    1.000000000000
    0.763956129551    1.000000000000
   -0.734727501869    1.000000000000
    0.217253983021    1.000000000000
    0.135597079992    1.000000000000
   -0.085910066962    1.000000000000
   -0.016746357083    1.000000000000
    0.945530891418    1.000000000000
   -0.471535891294    1.000000000000
   -0.172139883041    1.000000000000
   -0.272684842348    1.000000000000
    0.452487945557    1.000000000000
   -1.029638409615    1.000000000000
    0.622439682484    1.000000000000
   -1.090345263481    1.000000000000
   -0.192777261138    1.000000000000
   -0.169675856829    1.000000000000
    0.247749492526    1.000000000000
   -0.804573476315    1.000000000000
    0.267091453075    1.000000000000
    0.715700626373    1.000000000000
   -1.740212440491    1.000000000000
    0.172262459993    1.000000000000
   -0.587074100971    1.000000000000
    1.482787370682    1.000000000000
   -0.612479925156    1.000000000000
    1.169342160225    1.000000000000
   -0.067731581628    1.000000000000
   -0.187305271626    1.000000000000
   -0.087696649134    1.000000000000
    0.241365030408    1.000000000000
    1.199810981750    1.000000000000
   -1.939522266388    1.000000000000
   -0.217499911785    1.000000000000
    0.246963381767    1.000000000000
   -1.036520361900    1.000000000000
    0.399436295033    1.000000000000
    0.470435500145    1.000000000000
   -1.162371635437    1.000000000000
   -0.867560684681    1.000000000000
    1.048001408577    1.000000000000
   -1.845432400703    1.000000000000
    1.408851742744    1.000000000000
    1.895175695419    1.000000000000
    1.395646572113    1.000000000000
   -0.308697521687    1.000000000000
    0.324441671371    1.000000000000
   -0.889293134212    1.000000000000
    0.175904855132    1.000000000000
    0.864329755306    1.000000000000
   -0.744680821896    1.000000000000
   -0.804297685623    1.000000000000
   -1.558748245239    1.000000000000
   -0.309208184481    1.000000000000
    0.725381433964    1.000000000000
   -0.993951618671    1.000000000000
    0.324447393417    1.000000000000
   -0.708862125874    1.000000000000
    0.176568746567    1.000000000000
   -0.102523557842    1.000000000000
   -1.473428845406    1.000000000000
   -0.241141185164    1.000000000000
   -1.693384170532    1.000000000000
    0.873054265976    1.000000000000
    0.173771306872    1.000000000000
   -1.183112859726    1.000000000000
   -0.110934346914    1.000000000000
    1.500399589539    1.000000000000
   -0.092602446675    1.000000000000
   -0.660617470741    1.000000000000
    0.356242626905    1.000000000000
    0.184780806303    1.000000000000
    0.397965401411    1.000000000000
   -0.603652596474    1.000000000000
   -0.754428029060    1.000000000000
   -0.294005930424    1.000000000000
   -0.024151733145    1.000000000000
    0.553626298904    1.000000000000
    0.356833636761    1.000000000000
   -0.590494036674    1.000000000000
   -0.909771502018    1.000000000000
    0.111368775368    1.000000000000
   -0.248424381018    1.000000000000
    0.291501462460    1.000000000000
    1.290415167809    1.000000000000
   -0.620528280735    1.000000000000
   -0.926454126835    1.000000000000
    1.686639904976    1.000000000000
    0.660155594349    1.000000000000
    0.866869390011    1.000000000000
   -0.938087344170    1.000000000000
   -1.564429521561    1.000000000000
    0.825943350792    1.000000000000
   -0.385428160429    1.000000000000
    1.634341478348    1.000000000000
   -0.233800530434    1.000000000000
   -0.293555974960    1.000000000000
    0.774705946445    1.000000000000
   -0.861618936062    1.000000000000
    0.749967157841    1.000000000000
    0.739884138107    1.000000000000
   -1.239787340164    1.000000000000
   -2.732760906219    1.000000000000
    2.107270479202    1.000000000000
   -0.566029071808    1.000000000000
    1.529243469238    1.000000000000
   -1.994657874107    1.000000000000
    1.558411002159    1.000000000000
   -0.102451033890    1.000000000000
    0.187350764871    1.000000000000
   -0.512613415718    1.000000000000
    0.178082883358    1.000000000000
    1.264702916145    1.000000000000
   -0.013472770341    1.000000000000
    0.829533696175    1.000000000000
   -0.062418580055    1.000000000000
    1.181949615479    1.000000000000
   -0.686983704567    1.000000000000
    0.246509537101    1.000000000000
   -1.938585996628    1.000000000000
    0.290031969547    1.000000000000
    0.386423736811    1.000000000000
    0.474492251873    1.000000000000
   -0.119895733893    1.000000000000
   -1.866361856461    1.000000000000
    1.902829289436    1.000000000000
    0.071180969477    1.000000000000
    0.347528189421    1.000000000000
    0.512947201729    1.000000000000
   -0.376254826784    1.000000000000
    0.022482009605    1.000000000000
   -0.545961380005    1.000000000000
   -0.835526347160    1.000000000000
    0.485625028610    1.000000000000
   -0.829728841782    1.000000000000
    1.489735364914    1.000000000000
   -0.309282720089    1.000000000000
    1.187171578407    1.000000000000
   -0.429471611977    1.000000000000
    0.591077685356    1.000000000000
   -1.135244011879    1.000000000000
    1.598985075951    1.000000000000
    1.294099926949    1.000000000000
   -0.410535007715    1.000000000000
    0.019040711224    1.000000000000
    1.322174191475    1.000000000000
   -0.579523742199    1.000000000000
   -2.089023828506    1.000000000000
    1.166268110275    1.000000000000
   -0.652866482735    1.000000000000
   -1.040769457817    1.000000000000
   -1.457284808159    1.000000000000
   -1.402943968773    1.000000000000
   -0.100516602397    1.000000000000
   -0.329778283834    1.000000000000
   -1.531745791435    1.000000000000
   -1.474505424500    2.000000000000
    1.443497419357    2.000000000000
    0.936388611794    2.000000000000
   -0.447480142117    2.000000000000
    0.285032808781    2.000000000000
   -0.229414626956    2.000000000000
    0.042243912816    2.000000000000
   -0.927122175694    2.000000000000
    2.720923662186    2.000000000000
    0.475978076458    2.000000000000
   -0.687272489071    2.000000000000
   -0.190243199468    2.000000000000
    0.903886675835    2.000000000000
   -0.929010570049    2.000000000000
    1.127584934235    2.000000000000
   -0.415874123573    2.000000000000
    1.948936104774    2.000000000000
    1.431432843208    2.000000000000
    0.377895087004    2.000000000000
   -0.553908348083    2.000000000000
    1.460023522377    2.000000000000
   -0.926260411739    2.000000000000
    0.456133008003    2.000000000000
    0.158637374640    2.000000000000
    1.399429202080    2.000000000000
    2.307570219040    2.000000000000
   -2.770508766174    2.000000000000
    1.027924060822    2.000000000000
    1.494002699852    2.000000000000
    0.777368545532    2.000000000000
    0.766426742077    2.000000000000
    1.634916782379    2.000000000000
    0.021432861686    2.000000000000
    0.365394502878    2.000000000000
   -0.788210570812    2.000000000000
    0.005839303136    2.000000000000
   -0.621833503246    2.000000000000
   -0.209776207805    2.000000000000
    1.371272563934    2.000000000000
    0.617599964142    2.000000000000
    0.467267870903    2.000000000000
   -0.394765377045    2.000000000000
    0.467136323452    2.000000000000
    0.088849782944    2.000000000000
    0.837269544601    2.000000000000
    0.528608620167    2.000000000000
    0.423141092062    2.000000000000
   -0.389496505260    2.000000000000
    1.195746064186    2.000000000000
    0.055945143104    2.000000000000
    1.636789083481    2.000000000000
   -1.591259479523    2.000000000000
    0.008219197392    2.000000000000
    0.242826759815    2.000000000000
    1.031455516815    2.000000000000
   -1.937957525253    2.000000000000
    0.700378537178    2.000000000000
    0.662558495998    2.000000000000
    0.946420311928    2.000000000000
    0.761585772038    2.000000000000
    0.124306112528    2.000000000000
   -0.221911892295    2.000000000000
   -0.010182753205    2.000000000000
    0.388756901026    2.000000000000
    0.888112187386    2.000000000000
   -0.590615391731    2.000000000000
    1.606537580490    2.000000000000
    0.251113086939    2.000000000000
    1.671091318130    2.000000000000
   -0.520150482655    2.000000000000
    1.525892138481    2.000000000000
    1.362974643707    2.000000000000
   -1.034254789352    2.000000000000
   -0.706366896629    2.000000000000
   -0.142436906695    2.000000000000
    0.425448924303    2.000000000000
   -0.350411176682    2.000000000000
    0.501215219498    2.000000000000
   -0.295105814934    2.000000000000
    1.176801323891    2.000000000000
   -0.285178780556    2.000000000000
   -0.180604591966    2.000000000000
   -1.387951970100    2.000000000000
    1.124932408333    2.000000000000
   -0.229070618749    2.000000000000
   -0.503077387810    2.000000000000
    2.420116662979    2.000000000000
    0.048661097884    2.000000000000
   -0.212182417512    2.000000000000
    0.911868512630    2.000000000000
    0.118486709893    2.000000000000
    0.415582060814    2.000000000000
   -0.166828468442    2.000000000000
    0.376852184534    2.000000000000
    0.954683184624    2.000000000000
   -0.110853359103    2.000000000000
    3.069854021072    2.000000000000
   -0.678839266300    2.000000000000
   -0.662923693657    2.000000000000
   -0.892716586590    2.000000000000
   -0.823399245739    2.000000000000
   -2.340034961700    2.000000000000
   -0.072153434157    2.000000000000
   -0.362769961357    2.000000000000
    1.363162159920    2.000000000000
    0.666741669178    2.000000000000
    1.489758610725    2.000000000000
   -0.486921608448    2.000000000000
   -1.344525098801    2.000000000000
    0.372954279184    2.000000000000
    1.467405676842    2.000000000000
    0.377730458975    2.000000000000
    0.280202686787    2.000000000000
    0.260271251202    2.000000000000
    1.192799448967    2.000000000000
   -0.008625388145    2.000000000000
    0.121695175767    2.000000000000
   -0.924539268017    2.000000000000
   -0.845907390118    2.000000000000
    1.178828716278    2.000000000000
    0.678499042988    2.000000000000
   -1.084465861320    2.000000000000
   -0.458284616470    2.000000000000
    1.514211535454    2.000000000000
    0.767882704735    2.000000000000
    1.164452195168    2.000000000000
    3.173286199570    2.000000000000
    0.268643289804    2.000000000000
   -1.464795470238    2.000000000000
    0.937320709229    2.000000000000
    0.729737341404    2.000000000000
    0.247598022223    2.000000000000
    1.273139834404    2.000000000000
   -0.732512950897    2.000000000000
    1.381843447685    2.000000000000
    0.433028221130    2.000000000000
    1.090064764023    2.000000000000
   -0.179810330272    2.000000000000
    0.369395256042    2.000000000000
    1.956063389778    2.000000000000
    0.420342266560    2.000000000000
    1.151750206947    2.000000000000
   -0.917756259441    2.000000000000
   -1.038793087006    2.000000000000
    0.475753486156    2.000000000000
    0.185701966286    2.000000000000
   -0.522485971451    2.000000000000
    1.246958494186    2.000000000000
    0.065168172121    2.000000000000
    1.382392287254    2.000000000000
   -0.505890429020    2.000000000000
   -2.236707210541    2.000000000000
   -0.690787374973    2.000000000000
    0.422861516476    2.000000000000
   -0.100603505969    2.000000000000
    0.561415553093    2.000000000000
    0.619484603405    2.000000000000
   -1.890009164810    2.000000000000
    0.955558776855    2.000000000000
    0.300143301487    2.000000000000
   -0.442824721336    2.000000000000
    0.483989834785    2.000000000000
    0.696540176868    2.000000000000
   -1.511812448502    2.000000000000
   -1.081505894661    2.000000000000
    0.269889116287    2.000000000000
    0.356762707233    2.000000000000
    1.167655110359    2.000000000000
    2.277598381042    2.000000000000
   -0.409085094929    2.000000000000
   -0.673799753189    2.000000000000
    0.947111785412    2.000000000000
    0.057628571987    2.000000000000
    0.934466838837    2.000000000000
    1.667684435844    2.000000000000
   -0.911316692829    2.000000000000
    1.005790233612    2.000000000000
    0.792343974113    2.000000000000
   -0.405809819698    2.000000000000
    0.135281622410    2.000000000000
    1.273378372192    2.000000000000
    0.086155623198    2.000000000000
    0.309631526470    2.000000000000
    0.020094096661    2.000000000000
   -0.967532694340    2.000000000000
    1.748160600662    2.000000000000
    0.551074087620    2.000000000000
    1.862445354462    2.000000000000
    0.028444752097    2.000000000000
    1.269347667694    2.000000000000
   -0.496736943722    2.000000000000
   -0.545571029186    2.000000000000
   -0.785984694958    2.000000000000
    1.331539392471    2.000000000000
   -1.288767337799    2.000000000000
    0.056766375899    2.000000000000
    2.122084856033    2.000000000000
   -1.904917955399    2.000000000000
    1.365285277367    2.000000000000
    1.876816391945    2.000000000000
    0.911399126053    2.000000000000
    0.664478600025    2.000000000000
    0.436671674252    2.000000000000
    0.829722046852    2.000000000000
   -0.781540513039    2.000000000000
    0.518557071686    2.000000000000
   -0.636175155640    2.000000000000
    0.184259831905    2.000000000000
    0.049500539899    2.000000000000
    1.077634692192    2.000000000000
    1.112154483795    2.000000000000
    1.237292051315    2.000000000000
   -0.063142284751    2.000000000000
    0.349652111530    2.000000000000
   -1.023787260056    2.000000000000
   -0.398855268955    2.000000000000
   -0.426506698132    2.000000000000
    0.154938697815    2.000000000000
   -0.057372495532    2.000000000000
    0.976412594318    2.000000000000
   -2.059834957123    2.000000000000
   -0.061079546809    2.000000000000
   -1.307264208794    2.000000000000
   -0.173994287848    2.000000000000
    1.394497752190    2.000000000000
   -0.493510067463    2.000000000000
    1.388663649559    2.000000000000
    0.852036118507    2.000000000000
    0.390974819660    2.000000000000
   -2.242128610611    2.000000000000
   -0.472255349159    2.000000000000
    0.908946812153    2.000000000000
    1.130524873734    2.000000000000
   -0.726239502430    2.000000000000
    0.526878178120    2.000000000000
   -0.386068820953    2.000000000000
    0.074959963560    2.000000000000
    2.290565729141    2.000000000000
   -0.010579079390    2.000000000000
   -2.822559595108    2.000000000000
    0.192670956254    2.000000000000
    0.694878160954    2.000000000000
   -0.360166907310    2.000000000000
   -1.785574793816    2.000000000000
    0.904908239841    2.000000000000
   -0.008874028921    2.000000000000
   -0.368712544441    2.000000000000
   -0.635293364525    2.000000000000
    0.391070276499    2.000000000000
    0.655405402184    2.000000000000
   -0.712757170200    2.000000000000
    0.310389518738    2.000000000000
   -0.388909220695    2.000000000000
   -1.032155275345    2.000000000000
    0.351891815662    2.000000000000
   -0.102005913854    2.000000000000
    1.068686723709    2.000000000000
    0.767221093178    2.000000000000
    0.343581616879    2.000000000000
    0.545502185822    2.000000000000
    0.577665448189    2.000000000000
    0.826472461224    2.000000000000
    1.693473100662    2.000000000000
   -0.241868212819    2.000000000000
    0.823342204094    2.000000000000
    1.505580544472    2.000000000000
   -2.022653102875    2.000000000000
    0.233380615711    2.000000000000
    0.193495690823    2.000000000000
   -1.055426955223    2.000000000000
    0.631510674953    2.000000000000
    0.215404540300    2.000000000000
   -0.703238010406    2.000000000000
   -1.067793488503    2.000000000000
    1.562733888626    2.000000000000
    0.782437503338    2.000000000000
    1.319179058075    2.000000000000
   -0.020773068070    2.000000000000
    0.876952886581    2.000000000000
    0.186198517680    2.000000000000
   -0.998486459255    2.000000000000
    0.737787008286    2.000000000000
    0.405522584915    2.000000000000
   -0.747662782669    2.000000000000
   -0.006896600127    2.000000000000
    1.075143098831    2.000000000000
   -3.027589321136    2.000000000000
    0.810413837433    2.000000000000
   -0.623737931252    2.000000000000
   -0.170892730355    2.000000000000
    1.683216333389    2.000000000000
   -0.786915421486    2.000000000000
   -2.511022567749    2.000000000000
    0.215300127864    2.000000000000
    0.015339240432    2.000000000000
   -0.937027513981    2.000000000000
   -0.786780297756    2.000000000000
    2.108633518219    2.000000000000
   -0.202649250627    2.000000000000
    0.004896268249    2.000000000000
    0.920373380184    2.000000000000
    0.971706330776    2.000000000000
   -0.545410692692    2.000000000000
   -0.991014897823    2.000000000000
   -1.106304764748    2.000000000000
    0.362561702728    2.000000000000
    0.933791399002    2.000000000000
   -0.979995667934    2.000000000000
   -0.367932736874    2.000000000000
   -0.410354197025    2.000000000000
    0.977421224117    2.000000000000
   -2.111914873123    2.000000000000
   -1.057196140289    2.000000000000
    1.322684407234    2.000000000000
    0.764782428741    2.000000000000
    0.208840966225    2.000000000000
    1.455985426903    2.000000000000
   -1.412187933922    2.000000000000
    0.273939460516    2.000000000000
    2.425451278687    2.000000000000
    1.351115942001    2.000000000000
    0.917738497257    2.000000000000
   -1.344296455383    2.000000000000
    0.558724701405    2.000000000000
    1.619313359261    2.000000000000
    1.597117662430    2.000000000000
    1.630183219910    2.000000000000
    0.685369253159    2.000000000000
    0.337599635124    2.000000000000
   -0.513992786407    2.000000000000
   -0.737218439579    2.000000000000
   -0.819830119610    2.000000000000
   -0.949790656567    2.000000000000
    0.279414623976    2.000000000000
    1.191491603851    2.000000000000
   -0.602389395237    2.000000000000
   -0.320126533508    2.000000000000
   -0.858202159405    2.000000000000
    1.651440262794    2.000000000000
    2.086741447449    2.000000000000
   -0.038099795580    2.000000000000
   -0.348371624947    2.000000000000
   -0.206434383988    2.000000000000
   -0.288897573948    2.000000000000
    0.491210401058    2.000000000000
   -1.654693365097    2.000000000000
    0.400034308434    2.000000000000
   -0.036967471242    2.000000000000
    0.117654182017    2.000000000000
   -0.311323523521    2.000000000000
    1.034838914871    2.000000000000
    0.098802059889    2.000000000000
    2.148975849152    2.000000000000
   -1.942726850510    2.000000000000
   -0.742044329643    2.000000000000
   -0.113026484847    2.000000000000
    0.335271805525    2.000000000000
    0.746191799641    2.000000000000
    0.830140650272    2.000000000000
   -1.262074470520    2.000000000000
    0.279276520014    2.000000000000
    0.294497072697    2.000000000000
    0.230048596859    2.000000000000
    0.152440875769    2.000000000000
   -0.041926011443    2.000000000000
    0.305841892958    2.000000000000
   -0.364901125431    2.000000000000
    0.091789461672    2.000000000000
   -0.633394122124    2.000000000000
    0.663561046124    2.000000000000
    0.220308691263    2.000000000000
    0.253995060921    2.000000000000
   -0.599151313305    2.000000000000
    0.320175975561    2.000000000000
    1.946694254875    2.000000000000
    0.042019695044    2.000000000000
    0.702202856541    2.000000000000
   -1.478325009346    2.000000000000
    0.116490744054    2.000000000000
    0.917867660522    2.000000000000
    0.352416157722    2.000000000000
   -0.299103379250    2.000000000000
    1.232792854309    2.000000000000
    0.311768978834    2.000000000000
    1.866635322571    2.000000000000
    0.186284065247    2.000000000000
   -0.214372888207    2.000000000000
    1.813153386116    2.000000000000
   -0.744105815887    2.000000000000
   -0.056856080890    2.000000000000
   -0.098427340388    2.000000000000
    1.115764498711    2.000000000000
    0.785185754299    2.000000000000
    1.156084775925    2.000000000000
   -1.018434643745    2.000000000000
    3.448591709137    2.000000000000
    0.771850883961    2.000000000000
    0.477344572544    2.000000000000
   -0.298801898956    2.000000000000
    1.998127460480    2.000000000000
   -0.660276353359    2.000000000000
    0.254324853420    2.000000000000
    0.577831506729    2.000000000000
   -1.117127656937    2.000000000000
    0.654009997845    2.000000000000
   -0.225913986564    2.000000000000
    2.091303348541    2.000000000000
    0.703968286514    2.000000000000
   -3.777505397797    2.000000000000
   -2.434745550156    2.000000000000
   -0.924264729023    2.000000000000
   -2.219315528870    2.000000000000
   -1.005392789841    2.000000000000
    1.906877398491    2.000000000000
    0.476249277592    2.000000000000
    0.225144445896    2.000000000000
    0.323459029198    2.000000000000
   -0.075106725097    2.000000000000
   -0.139793530107    2.000000000000
    1.073613405228    2.000000000000
   -0.238107070327    2.000000000000
    1.640041470528    2.000000000000
   -0.486321628094    2.000000000000
    0.296391338110    2.000000000000
    0.478479564190    2.000000000000
    0.676356732845    2.000000000000
    1.227984547615    2.000000000000
    0.372145712376    2.000000000000
    0.643095791340    2.000000000000
    1.400010347366    2.000000000000
    0.393233060837    2.000000000000
   -0.156852498651    2.000000000000
   -0.020019814372    2.000000000000
    1.129982948303    2.000000000000
    0.709652781487    2.000000000000
    1.496469855309    2.000000000000
   -0.184124276042    2.000000000000
    0.228737205267    2.000000000000
   -0.897366464138    2.000000000000
    0.404298692942    2.000000000000
   -0.721060514450    2.000000000000
    0.764187812805    2.000000000000
    1.638914585114    2.000000000000
    1.492843747139    2.000000000000
    0.376079887152    2.000000000000
    1.433546543121    2.000000000000
    1.619986295700    2.000000000000
   -0.619333505630    2.000000000000
    0.746445000172    2.000000000000
   -0.584842145443    2.000000000000
    0.948984146118    2.000000000000
    1.287104010582    2.000000000000
    0.278100788593    2.000000000000
   -0.805203020573    2.000000000000
   -0.759040355682    2.000000000000
   -0.669405817986    2.000000000000
    1.122915387154    2.000000000000
    0.316755652428    2.000000000000
    0.058922231197    2.000000000000
   -0.262416422367    2.000000000000
   -0.009889289737    2.000000000000
    1.541165113449    2.000000000000
   -0.364771246910    2.000000000000
    1.269389152527    2.000000000000
   -0.910244882107    2.000000000000
   -0.255830705166    2.000000000000
    0.903696298599    2.000000000000
    0.828837692738    2.000000000000
    0.571029782295    2.000000000000
    0.001268804073    2.000000000000
    2.428524971008    2.000000000000
   -0.264547944069    2.000000000000
   -0.009083479643    2.000000000000
   -0.513900995255    2.000000000000
   -1.215580463409    2.000000000000
    0.097302734852    2.000000000000
    0.491173088551    2.000000000000
   -1.031152606010    2.000000000000
   -0.676189422607    2.000000000000
   -0.027457982302    2.000000000000
    0.153317868710    2.000000000000
   -0.653108000755    2.000000000000
   -0.448692500591    2.000000000000
    0.004417479038    2.000000000000
    0.752725958824    2.000000000000
    0.008925050497    2.000000000000
   -0.750354707241    2.000000000000
   -0.070871666074    2.000000000000
   -1.062405824661    2.000000000000
    1.742182016373    2.000000000000
    0.344879806042    2.000000000000
    1.936377882957    2.000000000000
    1.738714456558    2.000000000000
   -0.641022861004    2.000000000000
   -1.254770278931    2.000000000000
    1.216613173485    2.000000000000
    1.087786436081    2.000000000000
    0.923435270786    2.000000000000
   -0.917065203190    2.000000000000
    0.380844593048    2.000000000000
    0.202264264226    2.000000000000
   -0.078056350350    2.000000000000
    0.105541579425    2.000000000000
   -1.245412945747    2.000000000000
    0.877663254738    2.000000000000
    0.619027256966    2.000000000000
   -1.399710059166    2.000000000000
   -0.348933398724    2.000000000000
   -0.875973761082    2.000000000000
    0.981355607510    2.000000000000
   -0.476854145527    2.000000000000
    0.069092035294    2.000000000000
    0.613384008408    2.000000000000
   -0.104940459132    2.000000000000
    1.860954046249    2.000000000000
    0.009887769818    2.000000000000
   -1.348937511444    2.000000000000
   -1.258213639259    2.000000000000
    0.229203835130    2.000000000000
    0.668059408665    2.000000000000
   -0.453914761543    2.000000000000
   -0.556808888912    2.000000000000
    2.633673191071    2.000000000000
   -1.090547204018    2.000000000000
   -0.206798329949    2.000000000000
   -1.460640072823    2.000000000000
   -0.236788496375    2.000000000000
    1.401687502861    2.000000000000
   -1.036403059959    2.000000000000
   -0.516958057880    2.000000000000
   -0.294039428234    2.000000000000
   -0.848876655102    2.000000000000
    0.609159171581    2.000000000000
    0.544613659382    2.000000000000
   -1.292619347572    2.000000000000
   -2.303608179092    2.000000000000
    0.039862602949    2.000000000000
    1.094610095024    2.000000000000
   -0.211423352361    2.000000000000
    1.412191271782    2.000000000000
   -1.064148306847    2.000000000000
    1.731099128723    2.000000000000
    0.638205647469    2.000000000000
    1.402784705162    2.000000000000
    1.233252525330    2.000000000000
    0.468448340893    2.000000000000
    0.398489236832    2.000000000000
    0.144960597157    2.000000000000
    0.810847878456    2.000000000000
    0.819529652596    2.000000000000
    1.816594004631    2.000000000000
    0.098520688713    2.000000000000
   -0.912430346012    2.000000000000
   -2.001818895340    2.000000000000
   -0.449577450752    2.000000000000
    0.099642738700    2.000000000000
   -0.185551449656    2.000000000000
    0.702586948872    2.000000000000
   -0.136906400323    2.000000000000
    0.299909621477    2.000000000000
   -1.207505226135    2.000000000000
   -0.089177355170    2.000000000000
    0.024380043149    2.000000000000
   -0.672026455402    2.000000000000
    0.466272592545    2.000000000000
    1.648862004280    2.000000000000
   -0.391772091389    2.000000000000
    1.478173255920    2.000000000000
    1.124179840088    2.000000000000
    0.549656033516    2.000000000000
    1.454038143158    2.000000000000
   -1.519619226456    2.000000000000
   -1.191314101219    2.000000000000
    1.135199785233    2.000000000000
   -0.092344507575    2.000000000000
   -0.578487813473    2.000000000000
   -0.553770542145    2.000000000000
    1.060144901276    2.000000000000
    0.167608335614    2.000000000000
    1.012244701385    2.000000000000
   -0.153028294444    2.000000000000
   -0.176671937108    2.000000000000
   -0.160971090198    2.000000000000
   -0.308571755886    2.000000000000
    0.527436137199    2.000000000000
    0.039174288511    2.000000000000
    0.646338343620    2.000000000000
   -0.007769882679    2.000000000000
   -1.380519390106    2.000000000000
   -0.675293087959    2.000000000000
    0.271953999996    2.000000000000
    0.126803517342    2.000000000000
    1.266600728035    2.000000000000
    1.180406093597    2.000000000000
    0.863060474396    2.000000000000
   -0.781307518482    2.000000000000
   -0.496307194233    2.000000000000
   -0.279089927673    2.000000000000
   -0.340476453304    2.000000000000
    0.043344065547    2.000000000000
   -0.442737638950    2.000000000000
   -1.420080661774    2.000000000000
    0.406259953976    2.000000000000
    0.980870425701    2.000000000000
    0.833465695381    2.000000000000
   -0.712242960930    2.000000000000
    0.907495737076    2.000000000000
    0.893746554852    2.000000000000
    1.616447091103    2.000000000000
    0.589887976646    2.000000000000
   -0.987890779972    2.000000000000
   -0.372826814651    2.000000000000
    1.183899283409    2.000000000000
    0.294713854790    2.000000000000
   -0.208161637187    2.000000000000
    1.038584589958    2.000000000000
    1.626804947853    2.000000000000
   -0.523513019085    2.000000000000
    0.349824279547    2.000000000000
   -1.288177132607    2.000000000000
   -0.781235754490    2.000000000000
   -0.375193178654    2.000000000000
   -0.274844825268    2.000000000000
   -1.253988146782    2.000000000000
    0.099889978766    2.000000000000
    0.307815521955    2.000000000000
   -0.345510363579    2.000000000000
    0.348057270050    2.000000000000
   -0.045922756195    2.000000000000
    1.171210885048    2.000000000000
   -1.710244774818    2.000000000000
    0.882480561733    2.000000000000
    1.744363903999    2.000000000000
    1.653678894043    2.000000000000
    1.727759599686    2.000000000000
    0.130431979895    2.000000000000
   -0.814684331417    2.000000000000
    0.542073488235    2.000000000000
   -0.223305329680    2.000000000000
   -0.742186307907    2.000000000000
    0.003793463111    2.000000000000
    0.395743459463    2.000000000000
   -0.933049261570    2.000000000000
   -2.001797676086    2.000000000000
    0.663578212261    2.000000000000
    0.183713689446    2.000000000000
    0.324979901314    2.000000000000
    0.454196572304    2.000000000000
    2.173157691956    2.000000000000
    0.556878507137    2.000000000000
    2.315767049789    2.000000000000
    1.795731902122    2.000000000000
   -1.003399491310    2.000000000000
   -0.695736110210    2.000000000000
    0.997565865517    2.000000000000
    0.984161496162    2.000000000000
   -0.061452820897    2.000000000000
    1.724981307983    2.000000000000
   -0.531985580921    2.000000000000
    0.941266596317    2.000000000000
    1.305243372917    2.000000000000
   -0.252084732056    2.000000000000
   -0.050391748548    2.000000000000
   -0.586723148823    2.000000000000
    0.625594079494    2.000000000000
    0.796287834644    2.000000000000
    0.531430721283    2.000000000000
    0.855231165886    2.000000000000
   -1.587585210800    2.000000000000
    2.766094446182    2.000000000000
    0.750985801220    2.000000000000
    0.773060381413    2.000000000000
   -1.305803775787    2.000000000000
    1.235635995865    2.000000000000
    0.004528835416    2.000000000000
    1.536028623581    2.000000000000
    0.678042590618    2.000000000000
    2.585287332535    2.000000000000
    1.334664463997    2.000000000000
    1.788335800171    2.000000000000
    0.078292600811    2.000000000000
    1.941629886627    2.000000000000
    0.711865842342    2.000000000000
   -0.338003277779    2.000000000000
   -1.149060606956    2.000000000000
   -0.077523842454    2.000000000000
   -0.692864477634    2.000000000000
   -0.542713761330    2.000000000000
    1.952764987946    2.000000000000
    0.811230838299    2.000000000000
   -1.052085161209    2.000000000000
   -0.382483839989    2.000000000000
    1.573856949806    2.000000000000
   -1.351054191589    2.000000000000
   -0.744173109531    2.000000000000
   -0.606242954731    2.000000000000
    0.727432966232    2.000000000000
   -0.968496978283    2.000000000000
    0.924745738506    2.000000000000
    3.341104269028    2.000000000000
   -0.015870943666    2.000000000000
    0.413940489292    2.000000000000
    0.725587010384    2.000000000000
    3.158332347870    2.000000000000
   -0.206012561917    2.000000000000
    0.073090925813    2.000000000000
    0.526744842529    2.000000000000
    1.412034034729    2.000000000000
   -0.106074199080    2.000000000000
    0.220353290439    2.000000000000
    0.653870582581    2.000000000000
   -1.645061731339    2.000000000000
   -0.823120534420    2.000000000000
    0.283834487200    2.000000000000
    0.021520003676    2.000000000000
   -0.171106979251    2.000000000000
    0.843313276768    2.000000000000
    1.253342747688    2.000000000000
   -1.123445630074    2.000000000000
    1.104068875313    2.000000000000
    0.008315637708    2.000000000000
   -0.182034566998    2.000000000000
    0.335693597794    2.000000000000
    0.604835808277    2.000000000000
   -0.385300517082    2.000000000000
   -1.616263628006    2.000000000000
    0.258424371481    2.000000000000
    1.062630534172    2.000000000000
    0.740145027637    2.000000000000
    0.481762468815    2.000000000000
    0.226422458887    2.000000000000
    1.026723027229    2.000000000000
   -0.348267436028    2.000000000000
    0.508764922619    2.000000000000
    1.598774671555    2.000000000000
   -0.780862569809    2.000000000000
   -1.355557560921    2.000000000000
   -0.641084372997    2.000000000000
   -0.564723372459    2.000000000000
   -0.111748412251    2.000000000000
    0.777086853981    2.000000000000
   -0.704145908356    2.000000000000
    0.765881717205    2.000000000000
   -0.786317586899    2.000000000000
   -0.902221858501    2.000000000000
    2.368853569031    2.000000000000
    0.282931208611    2.000000000000
    0.759900391102    2.000000000000
   -0.049751818180    2.000000000000
   -1.005450010300    2.000000000000
    0.849214613438    2.000000000000
    0.199245855212    2.000000000000
    0.162002712488    2.000000000000
   -0.395794451237    2.000000000000
   -0.660656809807    2.000000000000
   -0.637253642082    2.000000000000
   -0.794131815434    2.000000000000
   -0.367990195751    2.000000000000
    0.486515820026    2.000000000000
   -0.501125395298    2.000000000000
    0.518360853195    2.000000000000
   -0.570696711540    2.000000000000
   -0.110265597701    2.000000000000
   -0.898979246616    2.000000000000
    0.807991862297    2.000000000000
    1.603760719299    2.000000000000
   -0.341092348099    2.000000000000
    1.584155321121    2.000000000000
   -1.791600823402    2.000000000000
   -1.064246296883    2.000000000000
    0.189795702696    2.000000000000
    0.745303869247    2.000000000000
   -0.076596811414    2.000000000000
    0.264239519835    2.000000000000
    0.538040757179    2.000000000000
   -1.164642333984    2.000000000000
    0.438995480537    2.000000000000
    0.128656670451    2.000000000000
   -1.598161697388    2.000000000000
   -0.222682312131    2.000000000000
    0.573734283447    2.000000000000
    0.853030264378    2.000000000000
    1.484956145287    2.000000000000
    0.887208878994    2.000000000000
    0.402492702007    2.000000000000
    1.847487807274    2.000000000000
    0.643553435802    2.000000000000
   -0.660396397114    2.000000000000
    0.662511706352    2.000000000000
    0.603426814079    2.000000000000
    0.368460029364    2.000000000000
    0.517197549343    2.000000000000
   -2.418243885040    2.000000000000
   -1.317530989647    2.000000000000
    0.425787746906    2.000000000000
    0.429387092590    2.000000000000
    0.519959747791    2.000000000000
    0.133471757174    2.000000000000
    0.165833383799    2.000000000000
   -0.224497124553    2.000000000000
