   -0.791128754616    1.000000000000
    0.472854197025    1.000000000000
   -1.065416693687    1.000000000000
    0.568469285965    1.000000000000
   -0.891364932060    1.000000000000
    1.810588955879    1.000000000000
    0.357791036367    1.000000000000
    1.343875885010    1.000000000000
   -0.013081339188    1.000000000000
    1.205375194550    1.000000000000
    0.625425159931    1.000000000000
    0.396531611681    1.000000000000
    1.084762454033    1.000000000000
    0.650818169117    1.000000000000
    0.244542881846    1.000000000000
   -0.321786582470    1.000000000000
    2.403145074844    1.000000000000
   -0.327785253525    1.000000000000
    0.367766827345    1.000000000000
    0.867091476917    1.000000000000
   -1.318309903145    1.000000000000
    0.100620314479    1.000000000000
   -1.538413405418    1.000000000000
    0.627358496189    1.000000000000
   -0.046677935869    1.000000000000
    0.692126810551    1.000000000000
    0.426320463419    1.000000000000
   -0.050595372915    1.000000000000
    0.403632879257    1.000000000000
    0.666662096977    1.000000000000
    0.883253633976    1.000000000000
    0.909380257130    1.000000000000
    0.211824610829    1.000000000000
    0.135707482696    1.000000000000
   -1.623912096024    1.000000000000
   -0.768066585064    1.000000000000
    0.117581665516    1.000000000000
    0.189221993089    1.000000000000
    0.557203292847    1.000000000000
    0.695239424706    1.000000000000
    0.424534350634    1.000000000000
   -0.512851357460    1.000000000000
    1.618805289268    1.000000000000
   -2.005093336105    1.000000000000
    1.478606104851    1.000000000000
   -1.045300483704    1.000000000000
   -1.698357105255    1.000000000000
    1.808456063271    1.000000000000
   -0.310247361660    1.000000000000
    1.191231608391    1.000000000000
   -0.001118619344    1.000000000000
   -0.520225942135    1.000000000000
    1.090089201927    1.000000000000
   -0.336674869061    1.000000000000
    0.557222425938    1.000000000000
   -0.161871388555    1.000000000000
    1.339250922203    1.000000000000
   -1.061341881752    1.000000000000
   -0.758104622364    1.000000000000
   -0.723633766174    1.000000000000
   -0.504359543324    1.000000000000
   -0.304895073175    1.000000000000
   -2.562866210938    1.000000000000
   -0.141406118870    1.000000000000
    0.941678464413    1.000000000000
   -0.959758639336    1.000000000000
   -0.416534453630    1.000000000000
   -0.750740230083    1.000000000000
    0.021938400343    1.000000000000
    0.875501573086    1.000000000000
    1.075180172920    1.000000000000
    0.541240751743    1.000000000000
   -0.329936623573    1.000000000000
    0.196612909436    1.000000000000
    0.164706423879    1.000000000000
    0.421838939190    1.000000000000
   -1.035997033119    1.000000000000
    0.915822923183    1.000000000000
   -0.197845771909    1.000000000000
   -0.330299586058    1.000000000000
   -1.011465549469    1.000000000000
    0.811222195625    1.000000000000
    1.021633863449    1.000000000000
    0.910407423973    1.000000000000
    1.782221794128    1.000000000000
    2.169563293457    1.000000000000
   -1.140860438347    1.000000000000
   -0.239134490490    1.000000000000
   -1.493768095970    1.000000000000
    0.435479819775    1.000000000000
   -1.281313180923    1.000000000000
    2.415839433670    1.000000000000
   -0.276702433825    1.000000000000
    1.503707289696    1.000000000000
    0.394907772541    1.000000000000
    1.971902847290    1.000000000000
    0.270029217005    1.000000000000
   -0.753950774670    1.000000000000
   -0.648425698280    1.000000000000
   -1.436887860298    1.000000000000
    0.804023981094    1.000000000000
    0.963429212570    1.000000000000
    0.389534443617    1.000000000000
   -0.740627348423    1.000000000000
   -0.260878711939    1.000000000000
    0.589295446873    1.000000000000
    0.947026848793    1.000000000000
    0.224000290036    1.000000000000
   -2.180898666382    1.000000000000
    0.268494367599    1.000000000000
    0.423160225153    1.000000000000
    0.794690072536    1.000000000000
   -1.553683042526    1.000000000000
    0.665016531944    1.000000000000
   -0.069848217070    1.000000000000
    0.779700875282    1.000000000000
    0.724636375904    1.000000000000
   -0.878853678703    1.000000000000
    1.704536914825    1.000000000000
   -0.541437208652    1.000000000000
    0.099145762622    1.000000000000
   -0.965314388275    1.000000000000
    0.859619736671    1.000000000000
    0.110107429326    1.000000000000
    0.796523928642    1.000000000000
   -0.064343184233    1.000000000000
    0.926589071751    1.000000000000
    1.174796462059    1.000000000000
   -1.259499311447    1.000000000000
   -1.138436436653    1.000000000000
   -0.498105615377    1.000000000000
    0.948713660240    1.000000000000
    0.740180253983    1.000000000000
    0.455381751060    1.000000000000
   -0.093958958983    1.000000000000
   -0.264926582575    1.000000000000
    0.077842906117    1.000000000000
    1.059660077095    1.000000000000
   -0.477230399847    1.000000000000
    0.687520623207    1.000000000000
    0.140728443861    1.000000000000
    0.158680796623    1.000000000000
    0.205547928810    1.000000000000
    0.272285282612    1.000000000000
    0.827953100204    1.000000000000
    0.467252820730    1.000000000000
   -0.346548259258    1.000000000000
    0.023243160918    1.000000000000
    0.214791923761    1.000000000000
   -0.190980345011    1.000000000000
   -0.886756181717    1.000000000000
   -0.115799814463    1.000000000000
    0.481980025768    1.000000000000
   -0.524288475513    1.000000000000
   -0.194629251957    1.000000000000
    1.203984975815    1.000000000000
   -1.627275705338    1.000000000000
   -1.343759655952    1.000000000000
    0.318940281868    1.000000000000
   -0.337188124657    1.000000000000
   -1.480363845825    1.000000000000
    0.697872459888    1.000000000000
   -1.482760906219    1.000000000000
    0.342372685671    1.000000000000
    1.598152279854    1.000000000000
   -0.807961642742    1.000000000000
   -0.812216281891    1.000000000000
    0.490506350994    1.000000000000
    0.944154858589    1.000000000000
    1.038455486298    1.000000000000
   -1.409396767616    1.000000000000
   -1.463375210762    1.000000000000
   -0.347480446100    1.000000000000
    1.842228055000    1.000000000000
   -0.079149886966    1.000000000000
    1.015132665634    1.000000000000
   -1.134958148003    1.000000000000
    0.467147976160    1.000000000000
   -0.974001884460    1.000000000000
    0.590177714825    1.000000000000
    0.060620825738    1.000000000000
   -0.126456126571    1.000000000000
    0.006545808632    1.000000000000
   -1.757626771927    1.000000000000
   -0.476981073618    1.000000000000
   -2.221585035324    1.000000000000
    0.627177059650    1.000000000000
   -0.134331807494    1.000000000000
    0.699803888798    1.000000000000
   -0.858475923538    1.000000000000
   -2.175028562546    1.000000000000
    0.146546199918    1.000000000000
   -0.275579482317    1.000000000000
   -0.315743386745    1.000000000000
    0.921637356281    1.000000000000
    2.003612756729    1.000000000000
    0.130164816976    1.000000000000
    0.052466958761    1.000000000000
   -1.421398758888    1.000000000000
   -0.582399845123    1.000000000000
   -0.447499543428    1.000000000000
    0.815502822399    1.000000000000
    0.499031126499    1.000000000000
   -0.884096801281    1.000000000000
   -0.295331656933    1.000000000000
    0.996348321438    1.000000000000
    0.248970955610    1.000000000000
    2.042224168777    1.000000000000
    0.628534734249    1.000000000000
    1.430901646614    1.000000000000
    1.263787269592    1.000000000000
   -0.693054437637    1.000000000000
   -0.274764329195    1.000000000000
    0.437912702560    1.000000000000
    0.372204065323    1.000000000000
    0.467917352915    1.000000000000
   -1.021979331970    1.000000000000
    0.456212460995    1.000000000000
   -2.472925901413    1.000000000000
   -1.519116282463    1.000000000000
    0.249125346541    1.000000000000
    0.521491706371    1.000000000000
   -0.505124807358    1.000000000000
    1.965913534164    1.000000000000
    0.211669534445    1.000000000000
   -0.418010681868    1.000000000000
   -1.941213011742    1.000000000000
    0.759013414383    1.000000000000
    1.960839629173    1.000000000000
    2.048618078232    1.000000000000
   -0.107570573688    1.000000000000
    1.732706069946    1.000000000000
    0.340823173523    1.000000000000
   -0.938111722469    1.000000000000
    0.430763542652    1.000000000000
    1.974373459816    1.000000000000
    0.668765306473    1.000000000000
    1.361172676086    1.000000000000
   -1.259016394615    1.000000000000
    0.440126001835    1.000000000000
    1.888732910156    1.000000000000
   -1.249075531960    1.000000000000
   -0.854206681252    1.000000000000
   -0.853041052818    1.000000000000
   -0.166979596019    1.000000000000
   -0.822305440903    1.000000000000
   -0.305014729500    1.000000000000
    0.339167267084    1.000000000000
    0.452248096466    1.000000000000
   -0.970330834389    1.000000000000
   -0.035486698151    1.000000000000
   -0.241270169616    1.000000000000
   -1.197571873665    1.000000000000
    1.182113051414    1.000000000000
   -1.765429377556    1.000000000000
    0.218605235219    1.000000000000
   -1.509276747704    1.000000000000
   -0.449205130339    1.000000000000
    0.264383256435    1.000000000000
   -1.109756350517    1.000000000000
    1.612149953842    1.000000000000
    1.230191230774    1.000000000000
   -0.446042537689    1.000000000000
    1.519999980927    1.000000000000
    1.842438697815    1.000000000000
   -1.219215989113    1.000000000000
   -0.629525363445    1.000000000000
    1.785440564156    1.000000000000
   -0.706689059734    1.000000000000
   -0.220397010446    1.000000000000
    1.154798746109    1.000000000000
    0.657786726952    1.000000000000
   -0.499170929193    1.000000000000
   -0.128358572721    1.000000000000
   -0.223592236638    1.000000000000
    1.362577199936    1.000000000000
   -0.661435425282    1.000000000000
    0.254124373198    1.000000000000
    0.755097627640    1.000000000000
    0.363083750010    1.000000000000
    1.192436337471    1.000000000000
    0.715101301670    1.000000000000
   -0.281909912825    1.000000000000
   -0.948737680912    1.000000000000
    1.764165997505    1.000000000000
    0.803571581841    1.000000000000
    1.158717751503    1.000000000000
   -1.339691042900    1.000000000000
   -0.784926831722    1.000000000000
   -0.151224344969    1.000000000000
   -0.092976614833    1.000000000000
    2.464457035065    1.000000000000
   -0.720463156700    1.000000000000
   -0.398512959480    1.000000000000
    0.682862877846    1.000000000000
   -0.408858835697    1.000000000000
    0.328265696764    1.000000000000
    0.050714727491    1.000000000000
    0.024489741772    1.000000000000
    0.997948288918    1.000000000000
    0.114231675863    1.000000000000
   -0.046136822551    1.000000000000
    0.931930184364    1.000000000000
   -1.196243643761    1.000000000000
   -0.900430262089    1.000000000000
   -1.183875083923    1.000000000000
    1.027458786964    1.000000000000
    0.967742919922    1.000000000000
    1.574314355850    1.000000000000
    0.450676351786    1.000000000000
    1.064744949341    1.000000000000
   -0.036389049143    1.000000000000
   -0.212756499648    1.000000000000
   -0.052207201719    1.000000000000
    0.822279393673    1.000000000000
    1.097591400146    1.000000000000
   -0.081765405834    1.000000000000
    0.355155646801    1.000000000000
    0.110973186791    1.000000000000
    0.309150278568    1.000000000000
   -1.046575665474    1.000000000000
   -0.785485386848    1.000000000000
   -1.682154536247    1.000000000000
   -0.124284252524    1.000000000000
   -1.549579143524    1.000000000000
   -0.277514696121    1.000000000000
    1.605829596519    1.000000000000
    0.409626960754    1.000000000000
    1.524230003357    1.000000000000
    0.240033328533    1.000000000000
   -2.009338140488    1.000000000000
    0.263312578201    1.000000000000
    1.227110028267    1.000000000000
    1.821769356728    1.000000000000
   -3.441956996918    1.000000000000
   -0.251494914293    1.000000000000
   -0.012866575271    1.000000000000
   -0.549694120884    1.000000000000
    0.924019634724    1.000000000000
   -0.821851789951    1.000000000000
   -1.759520530701    1.000000000000
    0.296214908361    1.000000000000
    0.246162161231    1.000000000000
   -1.109599709511    1.000000000000
   -0.739841461182    1.000000000000
    0.880809426308    1.000000000000
    1.580727338791    1.000000000000
   -1.473375320435    1.000000000000
    0.340033769608    1.000000000000
   -0.405681252480    1.000000000000
    0.313011854887    1.000000000000
   -0.604825556278    1.000000000000
    2.734326601028    1.000000000000
    1.012840628624    1.000000000000
    0.265570908785    1.000000000000
   -0.205982998013    1.000000000000
   -1.032327651978    1.000000000000
    0.922913432121    1.000000000000
    0.058183625340    1.000000000000
    2.051245450974    1.000000000000
    0.728754639626    1.000000000000
    0.059389390051    1.000000000000
   -0.197034195065    1.000000000000
    0.877041697502    1.000000000000
    0.672398686409    1.000000000000
    0.304453819990    1.000000000000
   -0.185049459338    1.000000000000
   -0.472938299179    1.000000000000
   -1.757178068161    1.000000000000
   -0.034043733031    1.000000000000
   -1.527937293053    1.000000000000
   -0.574432909489    1.000000000000
   -1.687172293663    1.000000000000
    0.450329542160    1.000000000000
   -2.358889818192    1.000000000000
   -1.767489671707    1.000000000000
    1.370666623116    1.000000000000
    0.227533727884    1.000000000000
    0.419066101313    1.000000000000
   -1.672491908073    1.000000000000
    0.611970722675    1.000000000000
   -0.956655263901    1.000000000000
    1.263029813766    1.000000000000
    1.123887658119    1.000000000000
    0.792105138302    1.000000000000
   -0.585458219051    1.000000000000
   -1.670415639877    1.000000000000
    0.492252349854    1.000000000000
   -0.050114214420    1.000000000000
    1.140688061714    1.000000000000
   -1.277658343315    1.000000000000
   -0.611762106419    1.000000000000
   -1.162066221237    1.000000000000
   -0.392795473337    1.000000000000
    0.849968194962    1.000000000000
   -1.115750432014    1.000000000000
   -0.446814417839    1.000000000000
    2.656594514847    1.000000000000
   -1.222303867340    1.000000000000
   -0.221583902836    1.000000000000
    2.987529993057    1.000000000000
    0.039748813957    1.000000000000
    1.493996739388    1.000000000000
   -0.408413290977    1.000000000000
   -2.173632860184    1.000000000000
   -1.213341593742    1.000000000000
   -0.812679409981    1.000000000000
   -0.750429987907    1.000000000000
   -1.892125368118    1.000000000000
   -2.198984146118    1.000000000000
   -0.258460164070    1.000000000000
   -0.319295287132    1.000000000000
   -0.612355113029    1.000000000000
   -0.953445494175    1.000000000000
   -2.074602842331    1.000000000000
    0.941003561020    1.000000000000
   -1.167704343796    1.000000000000
    0.317124903202    1.000000000000
    0.177390471101    1.000000000000
   -0.133738636971    1.000000000000
    1.150863170624    1.000000000000
   -1.594417929649    1.000000000000
   -0.249804034829    1.000000000000
   -0.580585062504    1.000000000000
   -0.369273066521    1.000000000000
   -0.393295288086    1.000000000000
    0.674566328526    1.000000000000
   -1.208198189735    1.000000000000
   -2.216287374496    1.000000000000
   -0.881934642792    1.000000000000
   -0.202988088131    1.000000000000
    0.347316682339    1.000000000000
   -0.260392040014    1.000000000000
    1.804326653481    1.000000000000
   -0.822109997272    1.000000000000
   -1.211276769638    1.000000000000
   -0.544843316078    1.000000000000
    0.406655222178    1.000000000000
    0.069992132485    1.000000000000
   -1.114120244980    1.000000000000
    0.620832383633    1.000000000000
    0.584210216999    1.000000000000
    0.536232411861    1.000000000000
   -0.944024443626    1.000000000000
   -0.090021505952    1.000000000000
   -1.612298369408    1.000000000000
   -0.291757941246    1.000000000000
   -1.413607835770    1.000000000000
    0.107459060848    1.000000000000
    1.956654191017    1.000000000000
   -1.324421167374    1.000000000000
   -1.493435263634    1.000000000000
   -0.702410042286    1.000000000000
   -2.330039978027    1.000000000000
    1.030160903931    1.000000000000
   -1.449313759804    1.000000000000
   -1.444968461990    1.000000000000
   -0.556345760822    1.000000000000
    0.725589156151    1.000000000000
    0.758536815643    1.000000000000
   -0.208019867539    1.000000000000
    0.457596659660    1.000000000000
   -0.996228575706    1.000000000000
    1.157314300537    1.000000000000
   -0.989585101604    1.000000000000
    0.764034092426    1.000000000000
   -0.430886715651    1.000000000000
    0.330847144127    1.000000000000
   -0.809988081455    1.000000000000
    1.035210847855    1.000000000000
    0.428322583437    1.000000000000
   -0.022874455899    1.000000000000
    0.293938755989    1.000000000000
    1.018047928810    1.000000000000
   -0.190082415938    1.000000000000
   -0.372261255980    1.000000000000
   -0.624134361744    1.000000000000
   -0.229989543557    1.000000000000
   -0.967023789883    1.000000000000
   -0.333514392376    1.000000000000
    1.181844830513    1.000000000000
   -1.509587287903    1.000000000000
    0.876639604568    1.000000000000
   -0.463203042746    1.000000000000
   -0.576044201851    1.000000000000
   -0.686096012592    1.000000000000
   -0.248817056417    1.000000000000
    0.750571370125    1.000000000000
   -0.013906937093    1.000000000000
   -0.903674662113    1.000000000000
   -0.697834074497    1.000000000000
   -0.204549625516    1.000000000000
    0.047843106091    1.000000000000
    0.783383846283    1.000000000000
    0.581159114838    1.000000000000
   -0.971782326698    1.000000000000
   -0.636712014675    1.000000000000
   -1.467445373535    1.000000000000
   -0.793142080307    1.000000000000
   -0.810722351074    1.000000000000
   -0.564261257648    1.000000000000
    0.731006562710    1.000000000000
    0.189637586474    1.000000000000
    1.725049614906    1.000000000000
    0.520018935204    1.000000000000
   -1.081632018089    1.000000000000
   -1.452324032784    1.000000000000
    1.643341064453    1.000000000000
   -0.029823096469    1.000000000000
    0.779157698154    1.000000000000
    0.414299190044    1.000000000000
    1.099358201027    1.000000000000
    1.301494002342    1.000000000000
    2.090498209000    1.000000000000
   -1.060668945312    1.000000000000
   -0.969680666924    1.000000000000
   -0.588760912418    1.000000000000
    1.113150119781    1.000000000000
    0.833351314068    1.000000000000
   -0.211702600121    1.000000000000
    0.354428291321    1.000000000000
   -0.293167889118    1.000000000000
    1.031956791878    1.000000000000
    0.891674697399    1.000000000000
    0.436180025339    1.000000000000
   -0.009530082345    1.000000000000
    0.480506479740    1.000000000000
   -0.294813692570    1.000000000000
    0.779205083847    1.000000000000
    0.287751883268    1.000000000000
   -1.295525431633    1.000000000000
    1.458236098289    1.000000000000
    0.541567027569    1.000000000000
    0.973498225212    1.000000000000
    1.655453562737    1.000000000000
    0.648072779179    1.000000000000
   -0.178749725223    1.000000000000
   -0.808440566063    1.000000000000
   -1.125375032425    1.000000000000
   -0.947919487953    1.000000000000
    0.001187273883    1.000000000000
    0.256954759359    1.000000000000
   -1.195949316025    1.000000000000
    1.347593784332    1.000000000000
    0.638857543468    1.000000000000
    1.352362036705    1.000000000000
    1.618999242783    1.000000000000
   -1.277636647224    1.000000000000
    0.309698104858    1.000000000000
   -0.380358666182    1.000000000000
    0.045461092144    1.000000000000
    1.454863667488    1.000000000000
   -1.444200754166    1.000000000000
    1.637860536575    1.000000000000
   -0.304084479809    1.000000000000
   -1.271124005318    1.000000000000
    2.126727581024    1.000000000000
   -0.502970576286    1.000000000000
   -0.618062078953    1.000000000000
   -0.709567308426    1.000000000000
    0.575245499611    1.000000000000
   -0.187155827880    1.000000000000
    0.659842848778    1.000000000000
   -0.250649899244    1.000000000000
   -0.365065962076    1.000000000000
    0.521921396255    1.000000000000
    0.426623702049    1.000000000000
    0.242772594094    1.000000000000
   -0.133562579751    1.000000000000
    0.103648841381    1.000000000000
    0.202524393797    1.000000000000
    1.587970733643    1.000000000000
    0.698224425316    1.000000000000
    1.141640424728    1.000000000000
   -0.457857191563    1.000000000000
   -1.488360762596    1.000000000000
    2.278363466263    1.000000000000
   -0.112819351256    1.000000000000
   -0.376716285944    1.000000000000
   -0.848198831081    1.000000000000
    0.105606451631    1.000000000000
   -0.671437680721    1.000000000000
    0.244300037622    1.000000000000
    0.754494726658    1.000000000000
    0.907056868076    1.000000000000
    0.979181230068    1.000000000000
    0.594251513481    1.000000000000
   -0.555775523186    1.000000000000
    2.292086124420    1.000000000000
   -2.015379190445    1.000000000000
   -1.012658596039    1.000000000000
   -0.706173181534    1.000000000000
   -1.480744361877    1.000000000000
    0.241516247392    1.000000000000
    0.324665784836    1.000000000000
   -1.761816382408    1.000000000000
   -1.349846959114    1.000000000000
    1.107557535172    1.000000000000
   -2.610527276993    1.000000000000
    0.063266575336    1.000000000000
   -0.265666842461    1.000000000000
   -1.130242109299    1.000000000000
    0.242969304323    1.000000000000
   -0.800116181374    1.000000000000
    0.654965937138    1.000000000000
    0.390498816967    1.000000000000
    0.218616947532    1.000000000000
   -0.028905466199    1.000000000000
   -1.161067962646    1.000000000000
   -0.509909510612    1.000000000000
   -0.649437129498    1.000000000000
    0.570717632771    1.000000000000
   -1.481492757797    1.000000000000
   -0.225593373179    1.000000000000
    0.179937019944    1.000000000000
    0.117480918765    1.000000000000
    1.728964924812    1.000000000000
    0.208094045520    1.000000000000
   -0.117300130427    1.000000000000
    0.076634414494    1.000000000000
   -0.044548112899    1.000000000000
    0.934162557125    1.000000000000
    0.926269173622    1.000000000000
   -0.912613570690    1.000000000000
    1.644347190857    1.000000000000
   -0.561993122101    1.000000000000
   -1.449355721474    1.000000000000
   -1.889235258102    1.000000000000
    0.563055932522    1.000000000000
    0.441664904356    1.000000000000
   -0.339788764715    1.000000000000
    2.676871061325    1.000000000000
   -0.921976149082    1.000000000000
   -0.578760504723    1.000000000000
   -1.320958971977    1.000000000000
    1.218553185463    1.000000000000
   -0.814078986645    1.000000000000
   -0.517466008663    1.000000000000
    1.270791411400    1.000000000000
    0.482103109360    1.000000000000
   -0.790032684803    1.000000000000
    0.916379213333    1.000000000000
   -0.338041812181    1.000000000000
    0.204444244504    1.000000000000
    0.166597932577    1.000000000000
    0.763956129551    1.000000000000
   -0.734727501869    1.000000000000
    0.217253983021    1.000000000000
    0.135597079992    1.000000000000
   -0.085910066962    1.000000000000
   -0.016746357083    1.000000000000
    0.945530891418    1.000000000000
   -0.471535891294    1.000000000000
   -0.172139883041    1.000000000000
   -0.272684842348    1.000000000000
    0.452487945557    1.000000000000
   -1.029638409615    1.000000000000
    0.622439682484    1.000000000000
   -1.090345263481    1.000000000000
   -0.192777261138    1.000000000000
   -0.169675856829    1.000000000000
    0.247749492526    1.000000000000
   -0.804573476315    1.000000000000
    0.267091453075    1.000000000000
    0.715700626373    1.000000000000
   -1.740212440491    1.000000000000
    0.172262459993    1.000000000000
   -0.587074100971    1.000000000000
    1.482787370682    1.000000000000
   -0.612479925156    1.000000000000
    1.169342160225    1.000000000000
   -0.067731581628    1.000000000000
   -0.187305271626    1.000000000000
   -0.087696649134    1.000000000000
    0.241365030408    1.000000000000
    1.199810981750    1.000000000000
   -1.939522266388    1.000000000000
   -0.217499911785    1.000000000000
    0.246963381767    1.000000000000
   -1.036520361900    1.000000000000
    0.399436295033    1.000000000000
    0.470435500145    1.000000000000
   -1.162371635437    1.000000000000
   -0.867560684681    1.000000000000
    1.048001408577    1.000000000000
   -1.845432400703    1.000000000000
    1.408851742744    1.000000000000
    1.895175695419    1.000000000000
    1.395646572113    1.000000000000
   -0.308697521687    1.000000000000
    0.324441671371    1.000000000000
   -0.889293134212    1.000000000000
    0.175904855132    1.000000000000
    0.864329755306    1.000000000000
   -0.744680821896    1.000000000000
   -0.804297685623    1.000000000000
   -1.558748245239    1.000000000000
   -0.309208184481    1.000000000000
    0.725381433964    1.000000000000
   -0.993951618671    1.000000000000
    0.324447393417    1.000000000000
   -0.708862125874    1.000000000000
    0.176568746567    1.000000000000
   -0.102523557842    1.000000000000
   -1.473428845406    1.000000000000
   -0.241141185164    1.000000000000
   -1.693384170532    1.000000000000
    0.873054265976    1.000000000000
    0.173771306872    1.000000000000
   -1.183112859726    1.000000000000
   -0.110934346914    1.000000000000
    1.500399589539    1.000000000000
   -0.092602446675    1.000000000000
   -0.660617470741    1.000000000000
    0.356242626905    1.000000000000
    0.184780806303    1.000000000000
    0.397965401411    1.000000000000
   -0.603652596474    1.000000000000
   -0.754428029060    1.000000000000
   -0.294005930424    1.000000000000
   -0.024151733145    1.000000000000
    0.553626298904    1.000000000000
    0.356833636761    1.000000000000
   -0.590494036674    1.000000000000
   -0.909771502018    1.000000000000
    0.111368775368    1.000000000000
   -0.248424381018    1.000000000000
    0.291501462460    1.000000000000
    1.290415167809    1.000000000000
   -0.620528280735    1.000000000000
   -0.926454126835    1.000000000000
    1.686639904976    1.000000000000
    0.660155594349    1.000000000000
    0.866869390011    1.000000000000
   -0.938087344170    1.000000000000
   -1.564429521561    1.000000000000
    0.825943350792    1.000000000000
   -0.385428160429    1.000000000000
    1.634341478348    1.000000000000
   -0.233800530434    1.000000000000
   -0.293555974960    1.000000000000
    0.774705946445    1.000000000000
   -0.861618936062    1.000000000000
    0.749967157841    1.000000000000
    0.739884138107    1.000000000000
   -1.239787340164    1.000000000000
   -2.732760906219    1.000000000000
    2.107270479202    1.000000000000
   -0.566029071808    1.000000000000
    1.529243469238    1.000000000000
   -1.994657874107    1.000000000000
    1.558411002159    1.000000000000
   -0.102451033890    1.000000000000
    0.187350764871    1.000000000000
   -0.512613415718    1.000000000000
    0.178082883358    1.000000000000
    1.264702916145    1.000000000000
   -0.013472770341    1.000000000000
    0.829533696175    1.000000000000
   -0.062418580055    1.000000000000
    1.181949615479    1.000000000000
   -0.686983704567    1.000000000000
    0.246509537101    1.000000000000
   -1.938585996628    1.000000000000
    0.290031969547    1.000000000000
    0.386423736811    1.000000000000
    0.474492251873    1.000000000000
   -0.119895733893    1.000000000000
   -1.866361856461    1.000000000000
    1.902829289436    1.000000000000
    0.071180969477    1.000000000000
    0.347528189421    1.000000000000
    0.512947201729    1.000000000000
   -0.376254826784    1.000000000000
    0.022482009605    1.000000000000
   -0.545961380005    1.000000000000
   -0.835526347160    1.000000000000
    0.485625028610    1.000000000000
   -0.829728841782    1.000000000000
    1.489735364914    1.000000000000
   -0.309282720089    1.000000000000
    1.187171578407    1.000000000000
   -0.429471611977    1.000000000000
    0.591077685356    1.000000000000
   -1.135244011879    1.000000000000
    1.598985075951    1.000000000000
    1.294099926949    1.000000000000
   -0.410535007715    1.000000000000
    0.019040711224    1.000000000000
    1.322174191475    1.000000000000
   -0.579523742199    1.000000000000
   -2.089023828506    1.000000000000
    1.166268110275    1.000000000000
   -0.652866482735    1.000000000000
   -1.040769457817    1.000000000000
   -1.457284808159    1.000000000000
   -1.402943968773    1.000000000000
   -0.100516602397    1.000000000000
   -0.329778283834    1.000000000000
   -1.531745791435    1.000000000000
   -0.874505460262    2.000000000000
    2.043497323990    2.000000000000
    1.536388635635    2.000000000000
    0.152519881725    2.000000000000
    0.885032773018    2.000000000000
    0.370585381985    2.000000000000
    0.642243921757    2.000000000000
   -0.327122151852    2.000000000000
    3.320923566818    2.000000000000
    1.075978040695    2.000000000000
   -0.087272465229    2.000000000000
    0.409756809473    2.000000000000
    1.503886699677    2.000000000000
   -0.329010546207    2.000000000000
    1.727584838867    2.000000000000
    0.184125900269    2.000000000000
    2.548936128616    2.000000000000
    2.031432867050    2.000000000000
    0.977895081043    2.000000000000
    0.046091675758    2.000000000000
    2.060023546219    2.000000000000
   -0.326260387897    2.000000000000
    1.056133031845    2.000000000000
    0.758637368679    2.000000000000
    1.999429225922    2.000000000000
    2.907570123672    2.000000000000
   -2.170508861542    2.000000000000
    1.627923965454    2.000000000000
    2.094002723694    2.000000000000
    1.377368569374    2.000000000000
    1.366426706314    2.000000000000
    2.234916687012    2.000000000000
    0.621432900429    2.000000000000
    0.965394496918    2.000000000000
   -0.188210546970    2.000000000000
    0.605839312077    2.000000000000
   -0.021833479404    2.000000000000
    0.390223801136    2.000000000000
    1.971272468567    2.000000000000
    1.217599987984    2.000000000000
    1.067267894745    2.000000000000
    0.205234646797    2.000000000000
    1.067136287689    2.000000000000
    0.688849806786    2.000000000000
    1.437269568443    2.000000000000
    1.128608584404    2.000000000000
    1.023141145706    2.000000000000
    0.210503518581    2.000000000000
    1.795746088028    2.000000000000
    0.655945181847    2.000000000000
    2.236788988113    2.000000000000
   -0.991259515285    2.000000000000
    0.608219206333    2.000000000000
    0.842826783657    2.000000000000
    1.631455540657    2.000000000000
   -1.337957620621    2.000000000000
    1.300378561020    2.000000000000
    1.262558460236    2.000000000000
    1.546420335770    2.000000000000
    1.361585855484    2.000000000000
    0.724306106567    2.000000000000
    0.378088116646    2.000000000000
    0.589817285538    2.000000000000
    0.988756895065    2.000000000000
    1.488112211227    2.000000000000
    0.009384632111    2.000000000000
    2.206537485123    2.000000000000
    0.851113080978    2.000000000000
    2.271091222763    2.000000000000
    0.079849541187    2.000000000000
    2.125892162323    2.000000000000
    1.962974548340    2.000000000000
   -0.434254825115    2.000000000000
   -0.106366872787    2.000000000000
    0.457563102245    2.000000000000
    1.025448918343    2.000000000000
    0.249588847160    2.000000000000
    1.101215243340    2.000000000000
    0.304894208908    2.000000000000
    1.776801347733    2.000000000000
    0.314821213484    2.000000000000
    0.419395416975    2.000000000000
   -0.787952005863    2.000000000000
    1.724932432175    2.000000000000
    0.370929390192    2.000000000000
    0.096922636032    2.000000000000
    3.020116567612    2.000000000000
    0.648661136627    2.000000000000
    0.387817591429    2.000000000000
    1.511868476868    2.000000000000
    0.718486726284    2.000000000000
    1.015582084656    2.000000000000
    0.433171540499    2.000000000000
    0.976852178574    2.000000000000
    1.554683208466    2.000000000000
    0.489146649837    2.000000000000
    3.669853925705    2.000000000000
   -0.078839242458    2.000000000000
   -0.062923669815    2.000000000000
   -0.292716562748    2.000000000000
   -0.223399221897    2.000000000000
   -1.740035057068    2.000000000000
    0.527846574783    2.000000000000
    0.237230062485    2.000000000000
    1.963162183762    2.000000000000
    1.266741633415    2.000000000000
    2.089758634567    2.000000000000
    0.113078415394    2.000000000000
   -0.744525134563    2.000000000000
    0.972954273224    2.000000000000
    2.067405700684    2.000000000000
    0.977730453014    2.000000000000
    0.880202710629    2.000000000000
    0.860271215439    2.000000000000
    1.792799472809    2.000000000000
    0.591374635696    2.000000000000
    0.721695184708    2.000000000000
   -0.324539244175    2.000000000000
   -0.245907366276    2.000000000000
    1.778828620911    2.000000000000
    1.278499126434    2.000000000000
   -0.484465897083    2.000000000000
    0.141715407372    2.000000000000
    2.114211559296    2.000000000000
    1.367882728577    2.000000000000
    1.764452219009    2.000000000000
    3.773286104202    2.000000000000
    0.868643283844    2.000000000000
   -0.864795506001    2.000000000000
    1.537320733070    2.000000000000
    1.329737424850    2.000000000000
    0.847598016262    2.000000000000
    1.873139858246    2.000000000000
   -0.132512927055    2.000000000000
    1.981843471527    2.000000000000
    1.033028244972    2.000000000000
    1.690064787865    2.000000000000
    0.420189678669    2.000000000000
    0.969395279884    2.000000000000
    2.556063413620    2.000000000000
    1.020342230797    2.000000000000
    1.751750230789    2.000000000000
   -0.317756235600    2.000000000000
   -0.438793122768    2.000000000000
    1.075753450394    2.000000000000
    0.785701990128    2.000000000000
    0.077514052391    2.000000000000
    1.846958398819    2.000000000000
    0.665168166161    2.000000000000
    1.982392311096    2.000000000000
    0.094109594822    2.000000000000
   -1.636707305908    2.000000000000
   -0.090787351131    2.000000000000
    1.022861480713    2.000000000000
    0.499396502972    2.000000000000
    1.161415576935    2.000000000000
    1.219484567642    2.000000000000
   -1.290009260178    2.000000000000
    1.555558800697    2.000000000000
    0.900143325329    2.000000000000
    0.157175302505    2.000000000000
    1.083989858627    2.000000000000
    1.296540260315    2.000000000000
   -0.911812484264    2.000000000000
   -0.481505930424    2.000000000000
    0.869889140129    2.000000000000
    0.956762731075    2.000000000000
    1.767655134201    2.000000000000
    2.877598285675    2.000000000000
    0.190914928913    2.000000000000
   -0.073799729347    2.000000000000
    1.547111749649    2.000000000000
    0.657628595829    2.000000000000
    1.534466862679    2.000000000000
    2.267684459686    2.000000000000
   -0.311316668987    2.000000000000
    1.605790257454    2.000000000000
    1.392343997955    2.000000000000
    0.194190204144    2.000000000000
    0.735281646252    2.000000000000
    1.873378276825    2.000000000000
    0.686155617237    2.000000000000
    0.909631490707    2.000000000000
    0.620094120502    2.000000000000
   -0.367532670498    2.000000000000
    2.348160505295    2.000000000000
    1.151074051857    2.000000000000
    2.462445259094    2.000000000000
    0.628444790840    2.000000000000
    1.869347572327    2.000000000000
    0.103263080120    2.000000000000
    0.054428994656    2.000000000000
   -0.185984671116    2.000000000000
    1.931539297104    2.000000000000
   -0.688767373562    2.000000000000
    0.656766414642    2.000000000000
    2.722084760666    2.000000000000
   -1.304918050766    2.000000000000
    1.965285301208    2.000000000000
    2.476816415787    2.000000000000
    1.511399149895    2.000000000000
    1.264478683472    2.000000000000
    1.036671638489    2.000000000000
    1.429722070694    2.000000000000
   -0.181540489197    2.000000000000
    1.118557095528    2.000000000000
   -0.036175131798    2.000000000000
    0.784259855747    2.000000000000
    0.649500548840    2.000000000000
    1.677634716034    2.000000000000
    1.712154507637    2.000000000000
    1.837291955948    2.000000000000
    0.536857724190    2.000000000000
    0.949652135372    2.000000000000
   -0.423787295818    2.000000000000
    0.201144754887    2.000000000000
    0.173493325710    2.000000000000
    0.754938721657    2.000000000000
    0.542627513409    2.000000000000
    1.576412677765    2.000000000000
   -1.459835052490    2.000000000000
    0.538920462132    2.000000000000
   -0.707264244556    2.000000000000
    0.426005721092    2.000000000000
    1.994497776031    2.000000000000
    0.106489956379    2.000000000000
    1.988663673401    2.000000000000
    1.452036142349    2.000000000000
    0.990974783897    2.000000000000
   -1.642128705978    2.000000000000
    0.127744674683    2.000000000000
    1.508946895599    2.000000000000
    1.730524897575    2.000000000000
   -0.126239478588    2.000000000000
    1.126878142357    2.000000000000
    0.213931202888    2.000000000000
    0.674959957600    2.000000000000
    2.890565633774    2.000000000000
    0.589420914650    2.000000000000
   -2.222559690475    2.000000000000
    0.792670965195    2.000000000000
    1.294878244400    2.000000000000
    0.239833116531    2.000000000000
   -1.185574769974    2.000000000000
    1.504908323288    2.000000000000
    0.591125965118    2.000000000000
    0.231287479401    2.000000000000
   -0.035293340683    2.000000000000
    0.991070270538    2.000000000000
    1.255405426025    2.000000000000
   -0.112757146358    2.000000000000
    0.910389542580    2.000000000000
    0.211090803146    2.000000000000
   -0.432155311108    2.000000000000
    0.951891839504    2.000000000000
    0.497994095087    2.000000000000
    1.668686747551    2.000000000000
    1.367221117020    2.000000000000
    0.943581640720    2.000000000000
    1.145502209663    2.000000000000
    1.177665472031    2.000000000000
    1.426472425461    2.000000000000
    2.293473005295    2.000000000000
    0.358131796122    2.000000000000
    1.423342227936    2.000000000000
    2.105580568314    2.000000000000
   -1.422653198242    2.000000000000
    0.833380639553    2.000000000000
    0.793495714664    2.000000000000
   -0.455426990986    2.000000000000
    1.231510639191    2.000000000000
    0.815404534340    2.000000000000
   -0.103237986565    2.000000000000
   -0.467793524265    2.000000000000
    2.162733793259    2.000000000000
    1.382437467575    2.000000000000
    1.919178962708    2.000000000000
    0.579226970673    2.000000000000
    1.476952910423    2.000000000000
    0.786198556423    2.000000000000
   -0.398486435413    2.000000000000
    1.337787032127    2.000000000000
    1.005522608757    2.000000000000
   -0.147662758827    2.000000000000
    0.593103408813    2.000000000000
    1.675143122673    2.000000000000
   -2.427589416504    2.000000000000
    1.410413861275    2.000000000000
   -0.023737907410    2.000000000000
    0.429107278585    2.000000000000
    2.283216238022    2.000000000000
   -0.186915397644    2.000000000000
   -1.911022663116    2.000000000000
    0.815300107002    2.000000000000
    0.615339279175    2.000000000000
   -0.337027490139    2.000000000000
   -0.186780273914    2.000000000000
    2.708633661270    2.000000000000
    0.397350758314    2.000000000000
    0.604896306992    2.000000000000
    1.520373344421    2.000000000000
    1.571706295013    2.000000000000
    0.054589331150    2.000000000000
   -0.391014873981    2.000000000000
   -0.506304800510    2.000000000000
    0.962561726570    2.000000000000
    1.533791422844    2.000000000000
   -0.379995644093    2.000000000000
    0.232067286968    2.000000000000
    0.189645826817    2.000000000000
    1.577421188354    2.000000000000
   -1.511914968491    2.000000000000
   -0.457196176052    2.000000000000
    1.922684431076    2.000000000000
    1.364782452583    2.000000000000
    0.808840990067    2.000000000000
    2.055985450745    2.000000000000
   -0.812187969685    2.000000000000
    0.873939454556    2.000000000000
    3.025451183319    2.000000000000
    1.951115846634    2.000000000000
    1.517738580704    2.000000000000
   -0.744296491146    2.000000000000
    1.158724665642    2.000000000000
    2.219313383102    2.000000000000
    2.197117567062    2.000000000000
    2.230183124542    2.000000000000
    1.285369277000    2.000000000000
    0.937599658966    2.000000000000
    0.086007237434    2.000000000000
   -0.137218415737    2.000000000000
   -0.219830095768    2.000000000000
   -0.349790632725    2.000000000000
    0.879414618015    2.000000000000
    1.791491627693    2.000000000000
   -0.002389371395    2.000000000000
    0.279873490334    2.000000000000
   -0.258202135563    2.000000000000
    2.251440286636    2.000000000000
    2.686741590500    2.000000000000
    0.561900198460    2.000000000000
    0.251628398895    2.000000000000
    0.393565624952    2.000000000000
    0.311102449894    2.000000000000
    1.091210365295    2.000000000000
   -1.054693460464    2.000000000000
    1.000034332275    2.000000000000
    0.563032507896    2.000000000000
    0.717654168606    2.000000000000
    0.288676500320    2.000000000000
    1.634838819504    2.000000000000
    0.698802053928    2.000000000000
    2.748975992203    2.000000000000
   -1.342726945877    2.000000000000
   -0.142044305801    2.000000000000
    0.486973524094    2.000000000000
    0.935271799564    2.000000000000
    1.346191883087    2.000000000000
    1.430140733719    2.000000000000
   -0.662074506283    2.000000000000
    0.879276514053    2.000000000000
    0.894497096539    2.000000000000
    0.830048620701    2.000000000000
    0.752440869808    2.000000000000
    0.558073997498    2.000000000000
    0.905841886997    2.000000000000
    0.235098898411    2.000000000000
    0.691789448261    2.000000000000
   -0.033394098282    2.000000000000
    1.263561010361    2.000000000000
    0.820308685303    2.000000000000
    0.853995084763    2.000000000000
    0.000848710537    2.000000000000
    0.920175969601    2.000000000000
    2.546694278717    2.000000000000
    0.642019689083    2.000000000000
    1.302202939987    2.000000000000
   -0.878325045109    2.000000000000
    0.716490745544    2.000000000000
    1.517867684364    2.000000000000
    0.952416181564    2.000000000000
    0.300896614790    2.000000000000
    1.832792758942    2.000000000000
    0.911768972874    2.000000000000
    2.466635227203    2.000000000000
    0.786284089088    2.000000000000
    0.385627120733    2.000000000000
    2.413153409958    2.000000000000
   -0.144105792046    2.000000000000
    0.543143928051    2.000000000000
    0.501572668552    2.000000000000
    1.715764522552    2.000000000000
    1.385185718536    2.000000000000
    1.756084680557    2.000000000000
   -0.418434679508    2.000000000000
    4.048591613770    2.000000000000
    1.371850967407    2.000000000000
    1.077344536781    2.000000000000
    0.301198124886    2.000000000000
    2.598127365112    2.000000000000
   -0.060276329517    2.000000000000
    0.854324817657    2.000000000000
    1.177831530571    2.000000000000
   -0.517127692699    2.000000000000
    1.254009962082    2.000000000000
    0.374086022377    2.000000000000
    2.691303491592    2.000000000000
    1.303968310356    2.000000000000
   -3.177505493164    2.000000000000
   -1.834745645523    2.000000000000
   -0.324264705181    2.000000000000
   -1.619315624237    2.000000000000
   -0.405392825603    2.000000000000
    2.506877422333    2.000000000000
    1.076249361038    2.000000000000
    0.825144469738    2.000000000000
    0.923459053040    2.000000000000
    0.524893283844    2.000000000000
    0.460206478834    2.000000000000
    1.673613429070    2.000000000000
    0.361892938614    2.000000000000
    2.240041494370    2.000000000000
    0.113678395748    2.000000000000
    0.896391332150    2.000000000000
    1.078479528427    2.000000000000
    1.276356697083    2.000000000000
    1.827984571457    2.000000000000
    0.972145676613    2.000000000000
    1.243095874786    2.000000000000
    2.000010251999    2.000000000000
    0.993233084679    2.000000000000
    0.443147510290    2.000000000000
    0.579980194569    2.000000000000
    1.729982852936    2.000000000000
    1.309652805328    2.000000000000
    2.096469879150    2.000000000000
    0.415875732899    2.000000000000
    0.828737199306    2.000000000000
   -0.297366440296    2.000000000000
    1.004298686981    2.000000000000
   -0.121060490608    2.000000000000
    1.364187836647    2.000000000000
    2.238914489746    2.000000000000
    2.092843770981    2.000000000000
    0.976079881191    2.000000000000
    2.033546447754    2.000000000000
    2.219986200333    2.000000000000
   -0.019333481789    2.000000000000
    1.346445083618    2.000000000000
    0.015157878399    2.000000000000
    1.548984169960    2.000000000000
    1.887104034424    2.000000000000
    0.878100812435    2.000000000000
   -0.205202996731    2.000000000000
   -0.159040331841    2.000000000000
   -0.069405794144    2.000000000000
    1.722915410995    2.000000000000
    0.916755676270    2.000000000000
    0.658922255039    2.000000000000
    0.337583571672    2.000000000000
    0.590110719204    2.000000000000
    2.141165018082    2.000000000000
    0.235228776932    2.000000000000
    1.869389057159    2.000000000000
   -0.310244858265    2.000000000000
    0.344169318676    2.000000000000
    1.503696322441    2.000000000000
    1.428837776184    2.000000000000
    1.171029806137    2.000000000000
    0.601268827915    2.000000000000
    3.028524875641    2.000000000000
    0.335452079773    2.000000000000
    0.590916514397    2.000000000000
    0.086099028587    2.000000000000
   -0.615580499172    2.000000000000
    0.697302758694    2.000000000000
    1.091173171997    2.000000000000
   -0.431152641773    2.000000000000
   -0.076189398766    2.000000000000
    0.572542011738    2.000000000000
    0.753317892551    2.000000000000
   -0.053107976913    2.000000000000
    0.151307523251    2.000000000000
    0.604417502880    2.000000000000
    1.352725982666    2.000000000000
    0.608925044537    2.000000000000
   -0.150354683399    2.000000000000
    0.529128313065    2.000000000000
   -0.462405860424    2.000000000000
    2.342181921005    2.000000000000
    0.944879770279    2.000000000000
    2.536377906799    2.000000000000
    2.338714361191    2.000000000000
   -0.041022837162    2.000000000000
   -0.654770314693    2.000000000000
    1.816613197327    2.000000000000
    1.687786459923    2.000000000000
    1.523435354233    2.000000000000
   -0.317065179348    2.000000000000
    0.980844616890    2.000000000000
    0.802264273167    2.000000000000
    0.521943688393    2.000000000000
    0.705541610718    2.000000000000
   -0.645412981510    2.000000000000
    1.477663278580    2.000000000000
    1.219027280807    2.000000000000
   -0.799710094929    2.000000000000
    0.251066625118    2.000000000000
   -0.275973737240    2.000000000000
    1.581355571747    2.000000000000
    0.123145878315    2.000000000000
    0.669092059135    2.000000000000
    1.213384032249    2.000000000000
    0.495059549809    2.000000000000
    2.460953950882    2.000000000000
    0.609887778759    2.000000000000
   -0.748937547207    2.000000000000
   -0.658213675022    2.000000000000
    0.829203844070    2.000000000000
    1.268059372902    2.000000000000
    0.146085262299    2.000000000000
    0.043191134930    2.000000000000
    3.233673095703    2.000000000000
   -0.490547239780    2.000000000000
    0.393201678991    2.000000000000
   -0.860640108585    2.000000000000
    0.363211512566    2.000000000000
    2.001687526703    2.000000000000
   -0.436403095722    2.000000000000
    0.083041965961    2.000000000000
    0.305960565805    2.000000000000
   -0.248876631260    2.000000000000
    1.209159135818    2.000000000000
    1.144613742828    2.000000000000
   -0.692619383335    2.000000000000
   -1.703608274460    2.000000000000
    0.639862596989    2.000000000000
    1.694610118866    2.000000000000
    0.388576656580    2.000000000000
    2.012191295624    2.000000000000
   -0.464148342609    2.000000000000
    2.331099033356    2.000000000000
    1.238205671310    2.000000000000
    2.002784729004    2.000000000000
    1.833252429962    2.000000000000
    1.068448305130    2.000000000000
    0.998489260674    2.000000000000
    0.744960606098    2.000000000000
    1.410847902298    2.000000000000
    1.419529676437    2.000000000000
    2.416594028473    2.000000000000
    0.698520720005    2.000000000000
   -0.312430322170    2.000000000000
   -1.401818990707    2.000000000000
    0.150422573090    2.000000000000
    0.699642777443    2.000000000000
    0.414448559284    2.000000000000
    1.302587032318    2.000000000000
    0.463093608618    2.000000000000
    0.899909615517    2.000000000000
   -0.607505261898    2.000000000000
    0.510822653770    2.000000000000
    0.624380052090    2.000000000000
   -0.072026431561    2.000000000000
    1.066272616386    2.000000000000
    2.248862028122    2.000000000000
    0.208227932453    2.000000000000
    2.078173160553    2.000000000000
    1.724179744720    2.000000000000
    1.149656057358    2.000000000000
    2.054038047791    2.000000000000
   -0.919619262218    2.000000000000
   -0.591314136982    2.000000000000
    1.735199809074    2.000000000000
    0.507655501366    2.000000000000
    0.021512210369    2.000000000000
    0.046229481697    2.000000000000
    1.660144805908    2.000000000000
    0.767608344555    2.000000000000
    1.612244606018    2.000000000000
    0.446971714497    2.000000000000
    0.423328071833    2.000000000000
    0.439028918743    2.000000000000
    0.291428267956    2.000000000000
    1.127436161041    2.000000000000
    0.639174282551    2.000000000000
    1.246338367462    2.000000000000
    0.592230141163    2.000000000000
   -0.780519425869    2.000000000000
   -0.075293064117    2.000000000000
    0.871954023838    2.000000000000
    0.726803541183    2.000000000000
    1.866600751877    2.000000000000
    1.780406117439    2.000000000000
    1.463060498238    2.000000000000
   -0.181307494640    2.000000000000
    0.103692829609    2.000000000000
    0.320910066366    2.000000000000
    0.259523570538    2.000000000000
    0.643344044685    2.000000000000
    0.157262384892    2.000000000000
   -0.820080697536    2.000000000000
    1.006259918213    2.000000000000
    1.580870389938    2.000000000000
    1.433465719223    2.000000000000
   -0.112242937088    2.000000000000
    1.507495760918    2.000000000000
    1.493746519089    2.000000000000
    2.216447114944    2.000000000000
    1.189888000488    2.000000000000
   -0.387890756130    2.000000000000
    0.227173209190    2.000000000000
    1.783899307251    2.000000000000
    0.894713878632    2.000000000000
    0.391838371754    2.000000000000
    1.638584613800    2.000000000000
    2.226804971695    2.000000000000
    0.076487004757    2.000000000000
    0.949824273586    2.000000000000
   -0.688177168369    2.000000000000
   -0.181235730648    2.000000000000
    0.224806845188    2.000000000000
    0.325155168772    2.000000000000
   -0.653988182545    2.000000000000
    0.699890017509    2.000000000000
    0.907815515995    2.000000000000
    0.254489660263    2.000000000000
    0.948057293892    2.000000000000
    0.554077267647    2.000000000000
    1.771210908890    2.000000000000
   -1.110244750977    2.000000000000
    1.482480525970    2.000000000000
    2.344363927841    2.000000000000
    2.253678798676    2.000000000000
    2.327759504318    2.000000000000
    0.730431973934    2.000000000000
   -0.214684307575    2.000000000000
    1.142073512077    2.000000000000
    0.376694679260    2.000000000000
   -0.142186284065    2.000000000000
    0.603793501854    2.000000000000
    0.995743453503    2.000000000000
   -0.333049237728    2.000000000000
   -1.401797771454    2.000000000000
    1.263578176498    2.000000000000
    0.783713698387    2.000000000000
    0.924979925156    2.000000000000
    1.054196596146    2.000000000000
    2.773157596588    2.000000000000
    1.156878471375    2.000000000000
    2.915766954422    2.000000000000
    2.395731925964    2.000000000000
   -0.403399527073    2.000000000000
   -0.095736086369    2.000000000000
    1.597565889359    2.000000000000
    1.584161520004    2.000000000000
    0.538547158241    2.000000000000
    2.324981212616    2.000000000000
    0.068014442921    2.000000000000
    1.541266679764    2.000000000000
    1.905243396759    2.000000000000
    0.347915261984    2.000000000000
    0.549608230591    2.000000000000
    0.013276875019    2.000000000000
    1.225594043732    2.000000000000
    1.396287918091    2.000000000000
    1.131430745125    2.000000000000
    1.455231189728    2.000000000000
   -0.987585246563    2.000000000000
    3.366094350815    2.000000000000
    1.350985765457    2.000000000000
    1.373060464859    2.000000000000
   -0.705803811550    2.000000000000
    1.835635900497    2.000000000000
    0.604528844357    2.000000000000
    2.136028528214    2.000000000000
    1.278042554855    2.000000000000
    3.185287237167    2.000000000000
    1.934664487839    2.000000000000
    2.388335704803    2.000000000000
    0.678292632103    2.000000000000
    2.541629791260    2.000000000000
    1.311865806580    2.000000000000
    0.261996746063    2.000000000000
   -0.549060642719    2.000000000000
    0.522476196289    2.000000000000
   -0.092864453793    2.000000000000
    0.057286262512    2.000000000000
    2.552764892578    2.000000000000
    1.411230802536    2.000000000000
   -0.452085196972    2.000000000000
    0.217516183853    2.000000000000
    2.173856973648    2.000000000000
   -0.751054227352    2.000000000000
   -0.144173085690    2.000000000000
   -0.006242930889    2.000000000000
    1.327432990074    2.000000000000
   -0.368496954441    2.000000000000
    1.524745702744    2.000000000000
    3.941104173660    2.000000000000
    0.584129095078    2.000000000000
    1.013940453529    2.000000000000
    1.325587034225    2.000000000000
    3.758332252502    2.000000000000
    0.393987447023    2.000000000000
    0.673090934753    2.000000000000
    1.126744866371    2.000000000000
    2.012033939362    2.000000000000
    0.493925809860    2.000000000000
    0.820353329182    2.000000000000
    1.253870606422    2.000000000000
   -1.045061826706    2.000000000000
   -0.223120510578    2.000000000000
    0.883834481239    2.000000000000
    0.621520042419    2.000000000000
    0.428893029690    2.000000000000
    1.443313360214    2.000000000000
    1.853342771530    2.000000000000
   -0.523445665836    2.000000000000
    1.704068899155    2.000000000000
    0.608315646648    2.000000000000
    0.417965441942    2.000000000000
    0.935693621635    2.000000000000
    1.204835891724    2.000000000000
    0.214699506760    2.000000000000
   -1.016263723373    2.000000000000
    0.858424365520    2.000000000000
    1.662630558014    2.000000000000
    1.340145111084    2.000000000000
    1.081762552261    2.000000000000
    0.826422452927    2.000000000000
    1.626723051071    2.000000000000
    0.251732587814    2.000000000000
    1.108764886856    2.000000000000
    2.198774576187    2.000000000000
   -0.180862545967    2.000000000000
   -0.755557596684    2.000000000000
   -0.041084349155    2.000000000000
    0.035276651382    2.000000000000
    0.488251596689    2.000000000000
    1.377086877823    2.000000000000
   -0.104145884514    2.000000000000
    1.365881681442    2.000000000000
   -0.186317563057    2.000000000000
   -0.302221834660    2.000000000000
    2.968853473663    2.000000000000
    0.882931232452    2.000000000000
    1.359900474548    2.000000000000
    0.550248205662    2.000000000000
   -0.405450046062    2.000000000000
    1.449214696884    2.000000000000
    0.799245893955    2.000000000000
    0.762002706528    2.000000000000
    0.204205572605    2.000000000000
   -0.060656785965    2.000000000000
   -0.037253618240    2.000000000000
   -0.194131791592    2.000000000000
    0.232009828091    2.000000000000
    1.086515784264    2.000000000000
    0.098874628544    2.000000000000
    1.118360877037    2.000000000000
    0.029303312302    2.000000000000
    0.489734411240    2.000000000000
   -0.298979222775    2.000000000000
    1.407991886139    2.000000000000
    2.203760623932    2.000000000000
    0.258907675743    2.000000000000
    2.184155225754    2.000000000000
   -1.191600799561    2.000000000000
   -0.464246332645    2.000000000000
    0.789795696735    2.000000000000
    1.345303893089    2.000000000000
    0.523403167725    2.000000000000
    0.864239513874    2.000000000000
    1.138040781021    2.000000000000
   -0.564642369747    2.000000000000
    1.038995504379    2.000000000000
    0.728656649590    2.000000000000
   -0.998161733150    2.000000000000
    0.377317696810    2.000000000000
    1.173734307289    2.000000000000
    1.453030347824    2.000000000000
    2.084956169128    2.000000000000
    1.487208843231    2.000000000000
    1.002492666245    2.000000000000
    2.447487831116    2.000000000000
    1.243553400040    2.000000000000
   -0.060396373272    2.000000000000
    1.262511730194    2.000000000000
    1.203426837921    2.000000000000
    0.968460023403    2.000000000000
    1.117197513580    2.000000000000
   -1.818243980408    2.000000000000
   -0.717531025410    2.000000000000
    1.025787711143    2.000000000000
    1.029387116432    2.000000000000
    1.119959712029    2.000000000000
    0.733471751213    2.000000000000
    0.765833377838    2.000000000000
    0.375502884388    2.000000000000
