   -0.791128754616    1.000000000000
    0.472854197025    1.000000000000
   -1.065416693687    1.000000000000
    0.568469285965    1.000000000000
   -0.891364932060    1.000000000000
    1.810588955879    1.000000000000
    0.357791036367    1.000000000000
    1.343875885010    1.000000000000
   -0.013081339188    1.000000000000
    1.205375194550    1.000000000000
    0.625425159931    1.000000000000
    0.396531611681    1.000000000000
    1.084762454033    1.000000000000
    0.650818169117    1.000000000000
    0.244542881846    1.000000000000
   -0.321786582470    1.000000000000
    2.403145074844    1.000000000000
   -0.327785253525    1.000000000000
    0.367766827345    1.000000000000
    0.867091476917    1.000000000000
   -1.318309903145    1.000000000000
    0.100620314479    1.000000000000
   -1.538413405418    1.000000000000
    0.627358496189    1.000000000000
   -0.046677935869    1.000000000000
    0.692126810551    1.000000000000
    0.426320463419    1.000000000000
   -0.050595372915    1.000000000000
    0.403632879257    1.000000000000
    0.666662096977    1.000000000000
    0.883253633976    1.000000000000
    0.909380257130    1.000000000000
    0.211824610829    1.000000000000
    0.135707482696    1.000000000000
   -1.623912096024    1.000000000000
   -0.768066585064    1.000000000000
    0.117581665516    1.000000000000
    0.189221993089    1.000000000000
    0.557203292847    1.000000000000
    0.695239424706    1.000000000000
    0.424534350634    1.000000000000
   -0.512851357460    1.000000000000
    1.618805289268    1.000000000000
   -2.005093336105    1.000000000000
    1.478606104851    1.000000000000
   -1.045300483704    1.000000000000
   -1.698357105255    1.000000000000
    1.808456063271    1.000000000000
   -0.310247361660    1.000000000000
    1.191231608391    1.000000000000
   -0.001118619344    1.000000000000
   -0.520225942135    1.000000000000
    1.090089201927    1.000000000000
   -0.336674869061    1.000000000000
    0.557222425938    1.000000000000
   -0.161871388555    1.000000000000
    1.339250922203    1.000000000000
   -1.061341881752    1.000000000000
   -0.758104622364    1.000000000000
   -0.723633766174    1.000000000000
   -0.504359543324    1.000000000000
   -0.304895073175    1.000000000000
   -2.562866210938    1.000000000000
   -0.141406118870    1.000000000000
    0.941678464413    1.000000000000
   -0.959758639336    1.000000000000
   -0.416534453630    1.000000000000
   -0.750740230083    1.000000000000
    0.021938400343    1.000000000000
    0.875501573086    1.000000000000
    1.075180172920    1.000000000000
    0.541240751743    1.000000000000
   -0.329936623573    1.000000000000
    0.196612909436    1.000000000000
    0.164706423879    1.000000000000
    0.421838939190    1.000000000000
   -1.035997033119    1.000000000000
    0.915822923183    1.000000000000
   -0.197845771909    1.000000000000
   -0.330299586058    1.000000000000
   -1.011465549469    1.000000000000
    0.811222195625    1.000000000000
    1.021633863449    1.000000000000
    0.910407423973    1.000000000000
    1.782221794128    1.000000000000
    2.169563293457    1.000000000000
   -1.140860438347    1.000000000000
   -0.239134490490    1.000000000000
   -1.493768095970    1.000000000000
    0.435479819775    1.000000000000
   -1.281313180923    1.000000000000
    2.415839433670    1.000000000000
   -0.276702433825    1.000000000000
    1.503707289696    1.000000000000
    0.394907772541    1.000000000000
    1.971902847290    1.000000000000
    0.270029217005    1.000000000000
   -0.753950774670    1.000000000000
   -0.648425698280    1.000000000000
   -1.436887860298    1.000000000000
    0.804023981094    1.000000000000
    0.963429212570    1.000000000000
    0.389534443617    1.000000000000
   -0.740627348423    1.000000000000
   -0.260878711939    1.000000000000
    0.589295446873    1.000000000000
    0.947026848793    1.000000000000
    0.224000290036    1.000000000000
   -2.180898666382    1.000000000000
    0.268494367599    1.000000000000
    0.423160225153    1.000000000000
    0.794690072536    1.000000000000
   -1.553683042526    1.000000000000
    0.665016531944    1.000000000000
   -0.069848217070    1.000000000000
    0.779700875282    1.000000000000
    0.724636375904    1.000000000000
   -0.878853678703    1.000000000000
    1.704536914825    1.000000000000
   -0.541437208652    1.000000000000
    0.099145762622    1.000000000000
   -0.965314388275    1.000000000000
    0.859619736671    1.000000000000
    0.110107429326    1.000000000000
    0.796523928642    1.000000000000
   -0.064343184233    1.000000000000
    0.926589071751    1.000000000000
    1.174796462059    1.000000000000
   -1.259499311447    1.000000000000
   -1.138436436653    1.000000000000
   -0.498105615377    1.000000000000
    0.948713660240    1.000000000000
    0.740180253983    1.000000000000
    0.455381751060    1.000000000000
   -0.093958958983    1.000000000000
   -0.264926582575    1.000000000000
    0.077842906117    1.000000000000
    1.059660077095    1.000000000000
   -0.477230399847    1.000000000000
    0.687520623207    1.000000000000
    0.140728443861    1.000000000000
    0.158680796623    1.000000000000
    0.205547928810    1.000000000000
    0.272285282612    1.000000000000
    0.827953100204    1.000000000000
    0.467252820730    1.000000000000
   -0.346548259258    1.000000000000
    0.023243160918    1.000000000000
    0.214791923761    1.000000000000
   -0.190980345011    1.000000000000
   -0.886756181717    1.000000000000
   -0.115799814463    1.000000000000
    0.481980025768    1.000000000000
   -0.524288475513    1.000000000000
   -0.194629251957    1.000000000000
    1.203984975815    1.000000000000
   -1.627275705338    1.000000000000
   -1.343759655952    1.000000000000
    0.318940281868    1.000000000000
   -0.337188124657    1.000000000000
   -1.480363845825    1.000000000000
    0.697872459888    1.000000000000
   -1.482760906219    1.000000000000
    0.342372685671    1.000000000000
    1.598152279854    1.000000000000
   -0.807961642742    1.000000000000
   -0.812216281891    1.000000000000
    0.490506350994    1.000000000000
    0.944154858589    1.000000000000
    1.038455486298    1.000000000000
   -1.409396767616    1.000000000000
   -1.463375210762    1.000000000000
   -0.347480446100    1.000000000000
    1.842228055000    1.000000000000
   -0.079149886966    1.000000000000
    1.015132665634    1.000000000000
   -1.134958148003    1.000000000000
    0.467147976160    1.000000000000
   -0.974001884460    1.000000000000
    0.590177714825    1.000000000000
    0.060620825738    1.000000000000
   -0.126456126571    1.000000000000
    0.006545808632    1.000000000000
   -1.757626771927    1.000000000000
   -0.476981073618    1.000000000000
   -2.221585035324    1.000000000000
    0.627177059650    1.000000000000
   -0.134331807494    1.000000000000
    0.699803888798    1.000000000000
   -0.858475923538    1.000000000000
   -2.175028562546    1.000000000000
    0.146546199918    1.000000000000
   -0.275579482317    1.000000000000
   -0.315743386745    1.000000000000
    0.921637356281    1.000000000000
    2.003612756729    1.000000000000
    0.130164816976    1.000000000000
    0.052466958761    1.000000000000
   -1.421398758888    1.000000000000
   -0.582399845123    1.000000000000
   -0.447499543428    1.000000000000
    0.815502822399    1.000000000000
    0.499031126499    1.000000000000
   -0.884096801281    1.000000000000
   -0.295331656933    1.000000000000
    0.996348321438    1.000000000000
    0.248970955610    1.000000000000
    2.042224168777    1.000000000000
    0.628534734249    1.000000000000
    1.430901646614    1.000000000000
    1.263787269592    1.000000000000
   -0.693054437637    1.000000000000
   -0.274764329195    1.000000000000
    0.437912702560    1.000000000000
    0.372204065323    1.000000000000
    0.467917352915    1.000000000000
   -1.021979331970    1.000000000000
    0.456212460995    1.000000000000
   -2.472925901413    1.000000000000
   -1.519116282463    1.000000000000
    0.249125346541    1.000000000000
    0.521491706371    1.000000000000
   -0.505124807358    1.000000000000
    1.965913534164    1.000000000000
    0.211669534445    1.000000000000
   -0.418010681868    1.000000000000
   -1.941213011742    1.000000000000
    0.759013414383    1.000000000000
    1.960839629173    1.000000000000
    2.048618078232    1.000000000000
   -0.107570573688    1.000000000000
    1.732706069946    1.000000000000
    0.340823173523    1.000000000000
   -0.938111722469    1.000000000000
    0.430763542652    1.000000000000
    1.974373459816    1.000000000000
    0.668765306473    1.000000000000
    1.361172676086    1.000000000000
   -1.259016394615    1.000000000000
    0.440126001835    1.000000000000
    1.888732910156    1.000000000000
   -1.249075531960    1.000000000000
   -0.854206681252    1.000000000000
   -0.853041052818    1.000000000000
   -0.166979596019    1.000000000000
   -0.822305440903    1.000000000000
   -0.305014729500    1.000000000000
    0.339167267084    1.000000000000
    0.452248096466    1.000000000000
   -0.970330834389    1.000000000000
   -0.035486698151    1.000000000000
   -0.241270169616    1.000000000000
   -1.197571873665    1.000000000000
    1.182113051414    1.000000000000
   -1.765429377556    1.000000000000
    0.218605235219    1.000000000000
   -1.509276747704    1.000000000000
   -0.449205130339    1.000000000000
    0.264383256435    1.000000000000
   -1.109756350517    1.000000000000
    1.612149953842    1.000000000000
    1.230191230774    1.000000000000
   -0.446042537689    1.000000000000
    1.519999980927    1.000000000000
    1.842438697815    1.000000000000
   -1.219215989113    1.000000000000
   -0.629525363445    1.000000000000
    1.785440564156    1.000000000000
   -0.706689059734    1.000000000000
   -0.220397010446    1.000000000000
    1.154798746109    1.000000000000
    0.657786726952    1.000000000000
   -0.499170929193    1.000000000000
   -0.128358572721    1.000000000000
   -0.223592236638    1.000000000000
    1.362577199936    1.000000000000
   -0.661435425282    1.000000000000
    0.254124373198    1.000000000000
    0.755097627640    1.000000000000
    0.363083750010    1.000000000000
    1.192436337471    1.000000000000
    0.715101301670    1.000000000000
   -0.281909912825    1.000000000000
   -0.948737680912    1.000000000000
    1.764165997505    1.000000000000
    0.803571581841    1.000000000000
    1.158717751503    1.000000000000
   -1.339691042900    1.000000000000
   -0.784926831722    1.000000000000
   -0.151224344969    1.000000000000
   -0.092976614833    1.000000000000
    2.464457035065    1.000000000000
   -0.720463156700    1.000000000000
   -0.398512959480    1.000000000000
    0.682862877846    1.000000000000
   -0.408858835697    1.000000000000
    0.328265696764    1.000000000000
    0.050714727491    1.000000000000
    0.024489741772    1.000000000000
    0.997948288918    1.000000000000
    0.114231675863    1.000000000000
   -0.046136822551    1.000000000000
    0.931930184364    1.000000000000
   -1.196243643761    1.000000000000
   -0.900430262089    1.000000000000
   -1.183875083923    1.000000000000
    1.027458786964    1.000000000000
    0.967742919922    1.000000000000
    1.574314355850    1.000000000000
    0.450676351786    1.000000000000
    1.064744949341    1.000000000000
   -0.036389049143    1.000000000000
   -0.212756499648    1.000000000000
   -0.052207201719    1.000000000000
    0.822279393673    1.000000000000
    1.097591400146    1.000000000000
   -0.081765405834    1.000000000000
    0.355155646801    1.000000000000
    0.110973186791    1.000000000000
    0.309150278568    1.000000000000
   -1.046575665474    1.000000000000
   -0.785485386848    1.000000000000
   -1.682154536247    1.000000000000
   -0.124284252524    1.000000000000
   -1.549579143524    1.000000000000
   -0.277514696121    1.000000000000
    1.605829596519    1.000000000000
    0.409626960754    1.000000000000
    1.524230003357    1.000000000000
    0.240033328533    1.000000000000
   -2.009338140488    1.000000000000
    0.263312578201    1.000000000000
    1.227110028267    1.000000000000
    1.821769356728    1.000000000000
   -3.441956996918    1.000000000000
   -0.251494914293    1.000000000000
   -0.012866575271    1.000000000000
   -0.549694120884    1.000000000000
    0.924019634724    1.000000000000
   -0.821851789951    1.000000000000
   -1.759520530701    1.000000000000
    0.296214908361    1.000000000000
    0.246162161231    1.000000000000
   -1.109599709511    1.000000000000
   -0.739841461182    1.000000000000
    0.880809426308    1.000000000000
    1.580727338791    1.000000000000
   -1.473375320435    1.000000000000
    0.340033769608    1.000000000000
   -0.405681252480    1.000000000000
    0.313011854887    1.000000000000
   -0.604825556278    1.000000000000
    2.734326601028    1.000000000000
    1.012840628624    1.000000000000
    0.265570908785    1.000000000000
   -0.205982998013    1.000000000000
   -1.032327651978    1.000000000000
    0.922913432121    1.000000000000
    0.058183625340    1.000000000000
    2.051245450974    1.000000000000
    0.728754639626    1.000000000000
    0.059389390051    1.000000000000
   -0.197034195065    1.000000000000
    0.877041697502    1.000000000000
    0.672398686409    1.000000000000
    0.304453819990    1.000000000000
   -0.185049459338    1.000000000000
   -0.472938299179    1.000000000000
   -1.757178068161    1.000000000000
   -0.034043733031    1.000000000000
   -1.527937293053    1.000000000000
   -0.574432909489    1.000000000000
   -1.687172293663    1.000000000000
    0.450329542160    1.000000000000
   -2.358889818192    1.000000000000
   -1.767489671707    1.000000000000
    1.370666623116    1.000000000000
    0.227533727884    1.000000000000
    0.419066101313    1.000000000000
   -1.672491908073    1.000000000000
    0.611970722675    1.000000000000
   -0.956655263901    1.000000000000
    1.263029813766    1.000000000000
    1.123887658119    1.000000000000
    0.792105138302    1.000000000000
   -0.585458219051    1.000000000000
   -1.670415639877    1.000000000000
    0.492252349854    1.000000000000
   -0.050114214420    1.000000000000
    1.140688061714    1.000000000000
   -1.277658343315    1.000000000000
   -0.611762106419    1.000000000000
   -1.162066221237    1.000000000000
   -0.392795473337    1.000000000000
    0.849968194962    1.000000000000
   -1.115750432014    1.000000000000
   -0.446814417839    1.000000000000
    2.656594514847    1.000000000000
   -1.222303867340    1.000000000000
   -0.221583902836    1.000000000000
    2.987529993057    1.000000000000
    0.039748813957    1.000000000000
    1.493996739388    1.000000000000
   -0.408413290977    1.000000000000
   -2.173632860184    1.000000000000
   -1.213341593742    1.000000000000
   -0.812679409981    1.000000000000
   -0.750429987907    1.000000000000
   -1.892125368118    1.000000000000
   -2.198984146118    1.000000000000
   -0.258460164070    1.000000000000
   -0.319295287132    1.000000000000
   -0.612355113029    1.000000000000
   -0.953445494175    1.000000000000
   -2.074602842331    1.000000000000
    0.941003561020    1.000000000000
   -1.167704343796    1.000000000000
    0.317124903202    1.000000000000
    0.177390471101    1.000000000000
   -0.133738636971    1.000000000000
    1.150863170624    1.000000000000
   -1.594417929649    1.000000000000
   -0.249804034829    1.000000000000
   -0.580585062504    1.000000000000
   -0.369273066521    1.000000000000
   -0.393295288086    1.000000000000
    0.674566328526    1.000000000000
   -1.208198189735    1.000000000000
   -2.216287374496    1.000000000000
   -0.881934642792    1.000000000000
   -0.202988088131    1.000000000000
    0.347316682339    1.000000000000
   -0.260392040014    1.000000000000
    1.804326653481    1.000000000000
   -0.822109997272    1.000000000000
   -1.211276769638    1.000000000000
   -0.544843316078    1.000000000000
    0.406655222178    1.000000000000
    0.069992132485    1.000000000000
   -1.114120244980    1.000000000000
    0.620832383633    1.000000000000
    0.584210216999    1.000000000000
    0.536232411861    1.000000000000
   -0.944024443626    1.000000000000
   -0.090021505952    1.000000000000
   -1.612298369408    1.000000000000
   -0.291757941246    1.000000000000
   -1.413607835770    1.000000000000
    0.107459060848    1.000000000000
    1.956654191017    1.000000000000
   -1.324421167374    1.000000000000
   -1.493435263634    1.000000000000
   -0.702410042286    1.000000000000
   -2.330039978027    1.000000000000
    1.030160903931    1.000000000000
   -1.449313759804    1.000000000000
   -1.444968461990    1.000000000000
   -0.556345760822    1.000000000000
    0.725589156151    1.000000000000
    0.758536815643    1.000000000000
   -0.208019867539    1.000000000000
    0.457596659660    1.000000000000
   -0.996228575706    1.000000000000
    1.157314300537    1.000000000000
   -0.989585101604    1.000000000000
    0.764034092426    1.000000000000
   -0.430886715651    1.000000000000
    0.330847144127    1.000000000000
   -0.809988081455    1.000000000000
    1.035210847855    1.000000000000
    0.428322583437    1.000000000000
   -0.022874455899    1.000000000000
    0.293938755989    1.000000000000
    1.018047928810    1.000000000000
   -0.190082415938    1.000000000000
   -0.372261255980    1.000000000000
   -0.624134361744    1.000000000000
   -0.229989543557    1.000000000000
   -0.967023789883    1.000000000000
   -0.333514392376    1.000000000000
    1.181844830513    1.000000000000
   -1.509587287903    1.000000000000
    0.876639604568    1.000000000000
   -0.463203042746    1.000000000000
   -0.576044201851    1.000000000000
   -0.686096012592    1.000000000000
   -0.248817056417    1.000000000000
    0.750571370125    1.000000000000
   -0.013906937093    1.000000000000
   -0.903674662113    1.000000000000
   -0.697834074497    1.000000000000
   -0.204549625516    1.000000000000
    0.047843106091    1.000000000000
    0.783383846283    1.000000000000
    0.581159114838    1.000000000000
   -0.971782326698    1.000000000000
   -0.636712014675    1.000000000000
   -1.467445373535    1.000000000000
   -0.793142080307    1.000000000000
   -0.810722351074    1.000000000000
   -0.564261257648    1.000000000000
    0.731006562710    1.000000000000
    0.189637586474    1.000000000000
    1.725049614906    1.000000000000
    0.520018935204    1.000000000000
   -1.081632018089    1.000000000000
   -1.452324032784    1.000000000000
    1.643341064453    1.000000000000
   -0.029823096469    1.000000000000
    0.779157698154    1.000000000000
    0.414299190044    1.000000000000
    1.099358201027    1.000000000000
    1.301494002342    1.000000000000
    2.090498209000    1.000000000000
   -1.060668945312    1.000000000000
   -0.969680666924    1.000000000000
   -0.588760912418    1.000000000000
    1.113150119781    1.000000000000
    0.833351314068    1.000000000000
   -0.211702600121    1.000000000000
    0.354428291321    1.000000000000
   -0.293167889118    1.000000000000
    1.031956791878    1.000000000000
    0.891674697399    1.000000000000
    0.436180025339    1.000000000000
   -0.009530082345    1.000000000000
    0.480506479740    1.000000000000
   -0.294813692570    1.000000000000
    0.779205083847    1.000000000000
    0.287751883268    1.000000000000
   -1.295525431633    1.000000000000
    1.458236098289    1.000000000000
    0.541567027569    1.000000000000
    0.973498225212    1.000000000000
    1.655453562737    1.000000000000
    0.648072779179    1.000000000000
   -0.178749725223    1.000000000000
   -0.808440566063    1.000000000000
   -1.125375032425    1.000000000000
   -0.947919487953    1.000000000000
    0.001187273883    1.000000000000
    0.256954759359    1.000000000000
   -1.195949316025    1.000000000000
    1.347593784332    1.000000000000
    0.638857543468    1.000000000000
    1.352362036705    1.000000000000
    1.618999242783    1.000000000000
   -1.277636647224    1.000000000000
    0.309698104858    1.000000000000
   -0.380358666182    1.000000000000
    0.045461092144    1.000000000000
    1.454863667488    1.000000000000
   -1.444200754166    1.000000000000
    1.637860536575    1.000000000000
   -0.304084479809    1.000000000000
   -1.271124005318    1.000000000000
    2.126727581024    1.000000000000
   -0.502970576286    1.000000000000
   -0.618062078953    1.000000000000
   -0.709567308426    1.000000000000
    0.575245499611    1.000000000000
   -0.187155827880    1.000000000000
    0.659842848778    1.000000000000
   -0.250649899244    1.000000000000
   -0.365065962076    1.000000000000
    0.521921396255    1.000000000000
    0.426623702049    1.000000000000
    0.242772594094    1.000000000000
   -0.133562579751    1.000000000000
    0.103648841381    1.000000000000
    0.202524393797    1.000000000000
    1.587970733643    1.000000000000
    0.698224425316    1.000000000000
    1.141640424728    1.000000000000
   -0.457857191563    1.000000000000
   -1.488360762596    1.000000000000
    2.278363466263    1.000000000000
   -0.112819351256    1.000000000000
   -0.376716285944    1.000000000000
   -0.848198831081    1.000000000000
    0.105606451631    1.000000000000
   -0.671437680721    1.000000000000
    0.244300037622    1.000000000000
    0.754494726658    1.000000000000
    0.907056868076    1.000000000000
    0.979181230068    1.000000000000
    0.594251513481    1.000000000000
   -0.555775523186    1.000000000000
    2.292086124420    1.000000000000
   -2.015379190445    1.000000000000
   -1.012658596039    1.000000000000
   -0.706173181534    1.000000000000
   -1.480744361877    1.000000000000
    0.241516247392    1.000000000000
    0.324665784836    1.000000000000
   -1.761816382408    1.000000000000
   -1.349846959114    1.000000000000
    1.107557535172    1.000000000000
   -2.610527276993    1.000000000000
    0.063266575336    1.000000000000
   -0.265666842461    1.000000000000
   -1.130242109299    1.000000000000
    0.242969304323    1.000000000000
   -0.800116181374    1.000000000000
    0.654965937138    1.000000000000
    0.390498816967    1.000000000000
    0.218616947532    1.000000000000
   -0.028905466199    1.000000000000
   -1.161067962646    1.000000000000
   -0.509909510612    1.000000000000
   -0.649437129498    1.000000000000
    0.570717632771    1.000000000000
   -1.481492757797    1.000000000000
   -0.225593373179    1.000000000000
    0.179937019944    1.000000000000
    0.117480918765    1.000000000000
    1.728964924812    1.000000000000
    0.208094045520    1.000000000000
   -0.117300130427    1.000000000000
    0.076634414494    1.000000000000
   -0.044548112899    1.000000000000
    0.934162557125    1.000000000000
    0.926269173622    1.000000000000
   -0.912613570690    1.000000000000
    1.644347190857    1.000000000000
   -0.561993122101    1.000000000000
   -1.449355721474    1.000000000000
   -1.889235258102    1.000000000000
    0.563055932522    1.000000000000
    0.441664904356    1.000000000000
   -0.339788764715    1.000000000000
    2.676871061325    1.000000000000
   -0.921976149082    1.000000000000
   -0.578760504723    1.000000000000
   -1.320958971977    1.000000000000
    1.218553185463    1.000000000000
   -0.814078986645    1.000000000000
   -0.517466008663    1.000000000000
    1.270791411400    1.000000000000
    0.482103109360    1.000000000000
   -0.790032684803    1.000000000000
    0.916379213333    1.000000000000
   -0.338041812181    1.000000000000
    0.204444244504    1.000000000000
    0.166597932577    1.000000000000
    0.763956129551    1.000000000000
   -0.734727501869    1.000000000000
    0.217253983021    1.000000000000
    0.135597079992    1.000000000000
   -0.085910066962    1.000000000000
   -0.016746357083    1.000000000000
    0.945530891418    1.000000000000
   -0.471535891294    1.000000000000
   -0.172139883041    1.000000000000
   -0.272684842348    1.000000000000
    0.452487945557    1.000000000000
   -1.029638409615    1.000000000000
    0.622439682484    1.000000000000
   -1.090345263481    1.000000000000
   -0.192777261138    1.000000000000
   -0.169675856829    1.000000000000
    0.247749492526    1.000000000000
   -0.804573476315    1.000000000000
    0.267091453075    1.000000000000
    0.715700626373    1.000000000000
   -1.740212440491    1.000000000000
    0.172262459993    1.000000000000
   -0.587074100971    1.000000000000
    1.482787370682    1.000000000000
   -0.612479925156    1.000000000000
    1.169342160225    1.000000000000
   -0.067731581628    1.000000000000
   -0.187305271626    1.000000000000
   -0.087696649134    1.000000000000
    0.241365030408    1.000000000000
    1.199810981750    1.000000000000
   -1.939522266388    1.000000000000
   -0.217499911785    1.000000000000
    0.246963381767    1.000000000000
   -1.036520361900    1.000000000000
    0.399436295033    1.000000000000
    0.470435500145    1.000000000000
   -1.162371635437    1.000000000000
   -0.867560684681    1.000000000000
    1.048001408577    1.000000000000
   -1.845432400703    1.000000000000
    1.408851742744    1.000000000000
    1.895175695419    1.000000000000
    1.395646572113    1.000000000000
   -0.308697521687    1.000000000000
    0.324441671371    1.000000000000
   -0.889293134212    1.000000000000
    0.175904855132    1.000000000000
    0.864329755306    1.000000000000
   -0.744680821896    1.000000000000
   -0.804297685623    1.000000000000
   -1.558748245239    1.000000000000
   -0.309208184481    1.000000000000
    0.725381433964    1.000000000000
   -0.993951618671    1.000000000000
    0.324447393417    1.000000000000
   -0.708862125874    1.000000000000
    0.176568746567    1.000000000000
   -0.102523557842    1.000000000000
   -1.473428845406    1.000000000000
   -0.241141185164    1.000000000000
   -1.693384170532    1.000000000000
    0.873054265976    1.000000000000
    0.173771306872    1.000000000000
   -1.183112859726    1.000000000000
   -0.110934346914    1.000000000000
    1.500399589539    1.000000000000
   -0.092602446675    1.000000000000
   -0.660617470741    1.000000000000
    0.356242626905    1.000000000000
    0.184780806303    1.000000000000
    0.397965401411    1.000000000000
   -0.603652596474    1.000000000000
   -0.754428029060    1.000000000000
   -0.294005930424    1.000000000000
   -0.024151733145    1.000000000000
    0.553626298904    1.000000000000
    0.356833636761    1.000000000000
   -0.590494036674    1.000000000000
   -0.909771502018    1.000000000000
    0.111368775368    1.000000000000
   -0.248424381018    1.000000000000
    0.291501462460    1.000000000000
    1.290415167809    1.000000000000
   -0.620528280735    1.000000000000
   -0.926454126835    1.000000000000
    1.686639904976    1.000000000000
    0.660155594349    1.000000000000
    0.866869390011    1.000000000000
   -0.938087344170    1.000000000000
   -1.564429521561    1.000000000000
    0.825943350792    1.000000000000
   -0.385428160429    1.000000000000
    1.634341478348    1.000000000000
   -0.233800530434    1.000000000000
   -0.293555974960    1.000000000000
    0.774705946445    1.000000000000
   -0.861618936062    1.000000000000
    0.749967157841    1.000000000000
    0.739884138107    1.000000000000
   -1.239787340164    1.000000000000
   -2.732760906219    1.000000000000
    2.107270479202    1.000000000000
   -0.566029071808    1.000000000000
    1.529243469238    1.000000000000
   -1.994657874107    1.000000000000
    1.558411002159    1.000000000000
   -0.102451033890    1.000000000000
    0.187350764871    1.000000000000
   -0.512613415718    1.000000000000
    0.178082883358    1.000000000000
    1.264702916145    1.000000000000
   -0.013472770341    1.000000000000
    0.829533696175    1.000000000000
   -0.062418580055    1.000000000000
    1.181949615479    1.000000000000
   -0.686983704567    1.000000000000
    0.246509537101    1.000000000000
   -1.938585996628    1.000000000000
    0.290031969547    1.000000000000
    0.386423736811    1.000000000000
    0.474492251873    1.000000000000
   -0.119895733893    1.000000000000
   -1.866361856461    1.000000000000
    1.902829289436    1.000000000000
    0.071180969477    1.000000000000
    0.347528189421    1.000000000000
    0.512947201729    1.000000000000
   -0.376254826784    1.000000000000
    0.022482009605    1.000000000000
   -0.545961380005    1.000000000000
   -0.835526347160    1.000000000000
    0.485625028610    1.000000000000
   -0.829728841782    1.000000000000
    1.489735364914    1.000000000000
   -0.309282720089    1.000000000000
    1.187171578407    1.000000000000
   -0.429471611977    1.000000000000
    0.591077685356    1.000000000000
   -1.135244011879    1.000000000000
    1.598985075951    1.000000000000
    1.294099926949    1.000000000000
   -0.410535007715    1.000000000000
    0.019040711224    1.000000000000
    1.322174191475    1.000000000000
   -0.579523742199    1.000000000000
   -2.089023828506    1.000000000000
    1.166268110275    1.000000000000
   -0.652866482735    1.000000000000
   -1.040769457817    1.000000000000
   -1.457284808159    1.000000000000
   -1.402943968773    1.000000000000
   -0.100516602397    1.000000000000
   -0.329778283834    1.000000000000
   -1.531745791435    1.000000000000
   -1.174505472183    2.000000000000
    1.743497371674    2.000000000000
    1.236388683319    2.000000000000
   -0.147480130196    2.000000000000
    0.585032820702    2.000000000000
    0.070585370064    2.000000000000
    0.342243909836    2.000000000000
   -0.627122163773    2.000000000000
    3.020923614502    2.000000000000
    0.775978088379    2.000000000000
   -0.387272477150    2.000000000000
    0.109756797552    2.000000000000
    1.203886747360    2.000000000000
   -0.629010558128    2.000000000000
    1.427584886551    2.000000000000
   -0.115874111652    2.000000000000
    2.248936176300    2.000000000000
    1.731432795525    2.000000000000
    0.677895069122    2.000000000000
   -0.253908336163    2.000000000000
    1.760023474693    2.000000000000
   -0.626260399818    2.000000000000
    0.756132960320    2.000000000000
    0.458637356758    2.000000000000
    1.699429154396    2.000000000000
    2.607570171356    2.000000000000
   -2.470508813858    2.000000000000
    1.327924013138    2.000000000000
    1.794002652168    2.000000000000
    1.077368497849    2.000000000000
    1.066426753998    2.000000000000
    1.934916734695    2.000000000000
    0.321432858706    2.000000000000
    0.665394484997    2.000000000000
   -0.488210558891    2.000000000000
    0.305839300156    2.000000000000
   -0.321833491325    2.000000000000
    0.090223789215    2.000000000000
    1.671272516251    2.000000000000
    0.917599916458    2.000000000000
    0.767267882824    2.000000000000
   -0.094765365124    2.000000000000
    0.767136335373    2.000000000000
    0.388849794865    2.000000000000
    1.137269496918    2.000000000000
    0.828608632088    2.000000000000
    0.723141074181    2.000000000000
   -0.089496493340    2.000000000000
    1.495746016502    2.000000000000
    0.355945140123    2.000000000000
    1.936789035797    2.000000000000
   -1.291259527206    2.000000000000
    0.308219194412    2.000000000000
    0.542826771736    2.000000000000
    1.331455469131    2.000000000000
   -1.637957572937    2.000000000000
    1.000378608704    2.000000000000
    0.962558507919    2.000000000000
    1.246420383453    2.000000000000
    1.061585783958    2.000000000000
    0.424306094646    2.000000000000
    0.078088104725    2.000000000000
    0.289817243814    2.000000000000
    0.688756883144    2.000000000000
    1.188112258911    2.000000000000
   -0.290615379810    2.000000000000
    1.906537532806    2.000000000000
    0.551113069057    2.000000000000
    1.971091270447    2.000000000000
   -0.220150470734    2.000000000000
    1.825892090797    2.000000000000
    1.662974596024    2.000000000000
   -0.734254837036    2.000000000000
   -0.406366884708    2.000000000000
    0.157563090324    2.000000000000
    0.725448906422    2.000000000000
   -0.050411164761    2.000000000000
    0.801215231419    2.000000000000
    0.004894196987    2.000000000000
    1.476801395416    2.000000000000
    0.014821201563    2.000000000000
    0.119395405054    2.000000000000
   -1.087952017784    2.000000000000
    1.424932360649    2.000000000000
    0.070929378271    2.000000000000
   -0.203077375889    2.000000000000
    2.720116615295    2.000000000000
    0.348661094904    2.000000000000
    0.087817579508    2.000000000000
    1.211868524551    2.000000000000
    0.418486714363    2.000000000000
    0.715582072735    2.000000000000
    0.133171528578    2.000000000000
    0.676852166653    2.000000000000
    1.254683256149    2.000000000000
    0.189146637917    2.000000000000
    3.369853973389    2.000000000000
   -0.378839254379    2.000000000000
   -0.362923681736    2.000000000000
   -0.592716574669    2.000000000000
   -0.523399233818    2.000000000000
   -2.040035009384    2.000000000000
    0.227846562862    2.000000000000
   -0.062769949436    2.000000000000
    1.663162112236    2.000000000000
    0.966741681099    2.000000000000
    1.789758563042    2.000000000000
   -0.186921596527    2.000000000000
   -1.044525146484    2.000000000000
    0.672954261303    2.000000000000
    1.767405629158    2.000000000000
    0.677730441093    2.000000000000
    0.580202698708    2.000000000000
    0.560271263123    2.000000000000
    1.492799401283    2.000000000000
    0.291374623775    2.000000000000
    0.421695172787    2.000000000000
   -0.624539256096    2.000000000000
   -0.545907378197    2.000000000000
    1.478828668594    2.000000000000
    0.978499054909    2.000000000000
   -0.784465909004    2.000000000000
   -0.158284604549    2.000000000000
    1.814211487770    2.000000000000
    1.067882776260    2.000000000000
    1.464452147484    2.000000000000
    3.473286151886    2.000000000000
    0.568643271923    2.000000000000
   -1.164795517921    2.000000000000
    1.237320661545    2.000000000000
    1.029737353325    2.000000000000
    0.547598004341    2.000000000000
    1.573139786720    2.000000000000
   -0.432512938976    2.000000000000
    1.681843400002    2.000000000000
    0.733028233051    2.000000000000
    1.390064716339    2.000000000000
    0.120189666748    2.000000000000
    0.669395208359    2.000000000000
    2.256063461304    2.000000000000
    0.720342278481    2.000000000000
    1.451750159264    2.000000000000
   -0.617756247520    2.000000000000
   -0.738793134689    2.000000000000
    0.775753498077    2.000000000000
    0.485701948404    2.000000000000
   -0.222485959530    2.000000000000
    1.546958446503    2.000000000000
    0.365168154240    2.000000000000
    1.682392239571    2.000000000000
   -0.205890417099    2.000000000000
   -1.936707258224    2.000000000000
   -0.390787363052    2.000000000000
    0.722861528397    2.000000000000
    0.199396491051    2.000000000000
    0.861415505409    2.000000000000
    0.919484615326    2.000000000000
   -1.590009212494    2.000000000000
    1.255558729172    2.000000000000
    0.600143313408    2.000000000000
   -0.142824709415    2.000000000000
    0.783989787102    2.000000000000
    0.996540188789    2.000000000000
   -1.211812496185    2.000000000000
   -0.781505942345    2.000000000000
    0.569889128208    2.000000000000
    0.656762719154    2.000000000000
    1.467655181885    2.000000000000
    2.577598333359    2.000000000000
   -0.109085083008    2.000000000000
   -0.373799741268    2.000000000000
    1.247111797333    2.000000000000
    0.357628583908    2.000000000000
    1.234466791153    2.000000000000
    1.967684388161    2.000000000000
   -0.611316680908    2.000000000000
    1.305790185928    2.000000000000
    1.092344045639    2.000000000000
   -0.105809807777    2.000000000000
    0.435281604528    2.000000000000
    1.573378324509    2.000000000000
    0.386155605316    2.000000000000
    0.609631538391    2.000000000000
    0.320094108582    2.000000000000
   -0.667532682419    2.000000000000
    2.048160552979    2.000000000000
    0.851074099541    2.000000000000
    2.162445306778    2.000000000000
    0.328444749117    2.000000000000
    1.569347620010    2.000000000000
   -0.196736931801    2.000000000000
   -0.245571017265    2.000000000000
   -0.485984683037    2.000000000000
    1.631539344788    2.000000000000
   -0.988767385483    2.000000000000
    0.356766372919    2.000000000000
    2.422084808350    2.000000000000
   -1.604918003082    2.000000000000
    1.665285229683    2.000000000000
    2.176816463470    2.000000000000
    1.211399078369    2.000000000000
    0.964478611946    2.000000000000
    0.736671686172    2.000000000000
    1.129722118378    2.000000000000
   -0.481540501118    2.000000000000
    0.818557024002    2.000000000000
   -0.336175143719    2.000000000000
    0.484259843826    2.000000000000
    0.349500536919    2.000000000000
    1.377634763718    2.000000000000
    1.412154436111    2.000000000000
    1.537292003632    2.000000000000
    0.236857712269    2.000000000000
    0.649652123451    2.000000000000
   -0.723787307739    2.000000000000
   -0.098855257034    2.000000000000
   -0.126506686211    2.000000000000
    0.454938709736    2.000000000000
    0.242627501488    2.000000000000
    1.276412606239    2.000000000000
   -1.759835004807    2.000000000000
    0.238920450211    2.000000000000
   -1.007264256477    2.000000000000
    0.126005709171    2.000000000000
    1.694497704506    2.000000000000
   -0.193510055542    2.000000000000
    1.688663601875    2.000000000000
    1.152036190033    2.000000000000
    0.690974831581    2.000000000000
   -1.942128658295    2.000000000000
   -0.172255337238    2.000000000000
    1.208946824074    2.000000000000
    1.430524826050    2.000000000000
   -0.426239490509    2.000000000000
    0.826878190041    2.000000000000
   -0.086068809032    2.000000000000
    0.374959945679    2.000000000000
    2.590565681458    2.000000000000
    0.289420902729    2.000000000000
   -2.522559642792    2.000000000000
    0.492670953274    2.000000000000
    0.994878172874    2.000000000000
   -0.060166895390    2.000000000000
   -1.485574841499    2.000000000000
    1.204908251762    2.000000000000
    0.291125953197    2.000000000000
   -0.068712532520    2.000000000000
   -0.335293352604    2.000000000000
    0.691070258617    2.000000000000
    0.955405414104    2.000000000000
   -0.412757158279    2.000000000000
    0.610389530659    2.000000000000
   -0.088909208775    2.000000000000
   -0.732155323029    2.000000000000
    0.651891827583    2.000000000000
    0.197994083166    2.000000000000
    1.368686676025    2.000000000000
    1.067221164703    2.000000000000
    0.643581628799    2.000000000000
    0.845502138138    2.000000000000
    0.877665400505    2.000000000000
    1.126472473145    2.000000000000
    1.993473052979    2.000000000000
    0.058131784201    2.000000000000
    1.123342275620    2.000000000000
    1.805580496788    2.000000000000
   -1.722653150558    2.000000000000
    0.533380627632    2.000000000000
    0.493495702744    2.000000000000
   -0.755427002907    2.000000000000
    0.931510686874    2.000000000000
    0.515404522419    2.000000000000
   -0.403237998486    2.000000000000
   -0.767793536186    2.000000000000
    1.862733840942    2.000000000000
    1.082437515259    2.000000000000
    1.619179010391    2.000000000000
    0.279226928949    2.000000000000
    1.176952838898    2.000000000000
    0.486198514700    2.000000000000
   -0.698486447334    2.000000000000
    1.037786960602    2.000000000000
    0.705522537231    2.000000000000
   -0.447662770748    2.000000000000
    0.293103396893    2.000000000000
    1.375143051147    2.000000000000
   -2.727589368820    2.000000000000
    1.110413789749    2.000000000000
   -0.323737919331    2.000000000000
    0.129107266665    2.000000000000
    1.983216285706    2.000000000000
   -0.486915409565    2.000000000000
   -2.211022615433    2.000000000000
    0.515300095081    2.000000000000
    0.315339237452    2.000000000000
   -0.637027502060    2.000000000000
   -0.486780285835    2.000000000000
    2.408633708954    2.000000000000
    0.097350746393    2.000000000000
    0.304896265268    2.000000000000
    1.220373392105    2.000000000000
    1.271706342697    2.000000000000
   -0.245410680771    2.000000000000
   -0.691014885902    2.000000000000
   -0.806304812431    2.000000000000
    0.662561714649    2.000000000000
    1.233791351318    2.000000000000
   -0.679995656013    2.000000000000
   -0.067932724953    2.000000000000
   -0.110354185104    2.000000000000
    1.277421236038    2.000000000000
   -1.811914920807    2.000000000000
   -0.757196187973    2.000000000000
    1.622684359550    2.000000000000
    1.064782381058    2.000000000000
    0.508840978146    2.000000000000
    1.755985379219    2.000000000000
   -1.112187981606    2.000000000000
    0.573939442635    2.000000000000
    2.725451231003    2.000000000000
    1.651115894318    2.000000000000
    1.217738509178    2.000000000000
   -1.044296503067    2.000000000000
    0.858724713326    2.000000000000
    1.919313311577    2.000000000000
    1.897117614746    2.000000000000
    1.930183172226    2.000000000000
    0.985369265079    2.000000000000
    0.637599647045    2.000000000000
   -0.213992774487    2.000000000000
   -0.437218427658    2.000000000000
   -0.519830107689    2.000000000000
   -0.649790644646    2.000000000000
    0.579414606094    2.000000000000
    1.491491556168    2.000000000000
   -0.302389383316    2.000000000000
   -0.020126521587    2.000000000000
   -0.558202147484    2.000000000000
    1.951440215111    2.000000000000
    2.386741638184    2.000000000000
    0.261900186539    2.000000000000
   -0.048371613026    2.000000000000
    0.093565613031    2.000000000000
    0.011102437973    2.000000000000
    0.791210412979    2.000000000000
   -1.354693412781    2.000000000000
    0.700034320354    2.000000000000
    0.263032525778    2.000000000000
    0.417654186487    2.000000000000
   -0.011323511600    2.000000000000
    1.334838867188    2.000000000000
    0.398802042007    2.000000000000
    2.448976039886    2.000000000000
   -1.642726898193    2.000000000000
   -0.442044317722    2.000000000000
    0.186973512173    2.000000000000
    0.635271787643    2.000000000000
    1.046191811562    2.000000000000
    1.130140662193    2.000000000000
   -0.962074518204    2.000000000000
    0.579276502132    2.000000000000
    0.594497084618    2.000000000000
    0.530048608780    2.000000000000
    0.452440857887    2.000000000000
    0.258073985577    2.000000000000
    0.605841875076    2.000000000000
   -0.064901113510    2.000000000000
    0.391789466143    2.000000000000
   -0.333394110203    2.000000000000
    0.963561058044    2.000000000000
    0.520308673382    2.000000000000
    0.553995072842    2.000000000000
   -0.299151301384    2.000000000000
    0.620175957680    2.000000000000
    2.246694087982    2.000000000000
    0.342019677162    2.000000000000
    1.002202868462    2.000000000000
   -1.178325057030    2.000000000000
    0.416490733624    2.000000000000
    1.217867612839    2.000000000000
    0.652416169643    2.000000000000
    0.000896602869    2.000000000000
    1.532792806625    2.000000000000
    0.611768960953    2.000000000000
    2.166635274887    2.000000000000
    0.486284077168    2.000000000000
    0.085627108812    2.000000000000
    2.113153457642    2.000000000000
   -0.444105803967    2.000000000000
    0.243143916130    2.000000000000
    0.201572656631    2.000000000000
    1.415764451027    2.000000000000
    1.085185766220    2.000000000000
    1.456084728241    2.000000000000
   -0.718434691429    2.000000000000
    3.748591661453    2.000000000000
    1.071850895882    2.000000000000
    0.777344584465    2.000000000000
    0.001198112965    2.000000000000
    2.298127412796    2.000000000000
   -0.360276341438    2.000000000000
    0.554324865341    2.000000000000
    0.877831518650    2.000000000000
   -0.817127704620    2.000000000000
    0.954010009766    2.000000000000
    0.074086010456    2.000000000000
    2.391303539276    2.000000000000
    1.003968238831    2.000000000000
   -3.477505445480    2.000000000000
   -2.134745597839    2.000000000000
   -0.624264717102    2.000000000000
   -1.919315576553    2.000000000000
   -0.705392837524    2.000000000000
    2.206877231598    2.000000000000
    0.776249289513    2.000000000000
    0.525144457817    2.000000000000
    0.623459041119    2.000000000000
    0.224893271923    2.000000000000
    0.160206466913    2.000000000000
    1.373613357544    2.000000000000
    0.061892926693    2.000000000000
    1.940041422844    2.000000000000
   -0.186321616173    2.000000000000
    0.596391320229    2.000000000000
    0.778479576111    2.000000000000
    0.976356744766    2.000000000000
    1.527984499931    2.000000000000
    0.672145724297    2.000000000000
    0.943095803261    2.000000000000
    1.700010299683    2.000000000000
    0.693233072758    2.000000000000
    0.143147498369    2.000000000000
    0.279980182648    2.000000000000
    1.429982900620    2.000000000000
    1.009652853012    2.000000000000
    1.796469807625    2.000000000000
    0.115875720978    2.000000000000
    0.528737187386    2.000000000000
   -0.597366452217    2.000000000000
    0.704298675060    2.000000000000
   -0.421060502529    2.000000000000
    1.064187765121    2.000000000000
    1.938914537430    2.000000000000
    1.792843699455    2.000000000000
    0.676079869270    2.000000000000
    1.733546495438    2.000000000000
    1.919986248016    2.000000000000
   -0.319333493710    2.000000000000
    1.046445012093    2.000000000000
   -0.284842133522    2.000000000000
    1.248984098434    2.000000000000
    1.587103962898    2.000000000000
    0.578100800514    2.000000000000
   -0.505203008652    2.000000000000
   -0.459040343761    2.000000000000
   -0.369405806065    2.000000000000
    1.422915339470    2.000000000000
    0.616755664349    2.000000000000
    0.358922243118    2.000000000000
    0.037583559752    2.000000000000
    0.290110707283    2.000000000000
    1.841165065765    2.000000000000
   -0.064771234989    2.000000000000
    1.569389104843    2.000000000000
   -0.610244870186    2.000000000000
    0.044169306755    2.000000000000
    1.203696250916    2.000000000000
    1.128837704659    2.000000000000
    0.871029734612    2.000000000000
    0.301268815994    2.000000000000
    2.728524923325    2.000000000000
    0.035452067852    2.000000000000
    0.290916502476    2.000000000000
   -0.213900983334    2.000000000000
   -0.915580511093    2.000000000000
    0.397302746773    2.000000000000
    0.791173100471    2.000000000000
   -0.731152653694    2.000000000000
   -0.376189410686    2.000000000000
    0.272541999817    2.000000000000
    0.453317880630    2.000000000000
   -0.353107988834    2.000000000000
   -0.148692488670    2.000000000000
    0.304417490959    2.000000000000
    1.052726030350    2.000000000000
    0.308925032616    2.000000000000
   -0.450354695320    2.000000000000
    0.229128330946    2.000000000000
   -0.762405872345    2.000000000000
    2.042181968689    2.000000000000
    0.644879817963    2.000000000000
    2.236377716064    2.000000000000
    2.038714408875    2.000000000000
   -0.341022849083    2.000000000000
   -0.954770326614    2.000000000000
    1.516613125801    2.000000000000
    1.387786388397    2.000000000000
    1.223435282707    2.000000000000
   -0.617065191269    2.000000000000
    0.680844545364    2.000000000000
    0.502264261246    2.000000000000
    0.221943646669    2.000000000000
    0.405541568995    2.000000000000
   -0.945412993431    2.000000000000
    1.177663326263    2.000000000000
    0.919027268887    2.000000000000
   -1.099710106850    2.000000000000
   -0.048933386803    2.000000000000
   -0.575973749161    2.000000000000
    1.281355619431    2.000000000000
   -0.176854133606    2.000000000000
    0.369092047215    2.000000000000
    0.913383960724    2.000000000000
    0.195059537888    2.000000000000
    2.160953998566    2.000000000000
    0.309887766838    2.000000000000
   -1.048937559128    2.000000000000
   -0.958213686943    2.000000000000
    0.529203832150    2.000000000000
    0.968059420586    2.000000000000
   -0.153914749622    2.000000000000
   -0.256808876991    2.000000000000
    2.933673143387    2.000000000000
   -0.790547251701    2.000000000000
    0.093201667070    2.000000000000
   -1.160640120506    2.000000000000
    0.063211500645    2.000000000000
    1.701687455177    2.000000000000
   -0.736403107643    2.000000000000
   -0.216958045959    2.000000000000
    0.005960553885    2.000000000000
   -0.548876643181    2.000000000000
    0.909159183502    2.000000000000
    0.844613671303    2.000000000000
   -0.992619395256    2.000000000000
   -2.003608226776    2.000000000000
    0.339862585068    2.000000000000
    1.394610166550    2.000000000000
    0.088576644659    2.000000000000
    1.712191224098    2.000000000000
   -0.764148354530    2.000000000000
    2.031099081039    2.000000000000
    0.938205659389    2.000000000000
    1.702784657478    2.000000000000
    1.533252477646    2.000000000000
    0.768448352814    2.000000000000
    0.698489248753    2.000000000000
    0.444960594177    2.000000000000
    1.110847949982    2.000000000000
    1.119529724121    2.000000000000
    2.116593837738    2.000000000000
    0.398520678282    2.000000000000
   -0.612430334091    2.000000000000
   -1.701818943024    2.000000000000
   -0.149577438831    2.000000000000
    0.399642735720    2.000000000000
    0.114448547363    2.000000000000
    1.002586960793    2.000000000000
    0.163093596697    2.000000000000
    0.599909603596    2.000000000000
   -0.907505273819    2.000000000000
    0.210822641850    2.000000000000
    0.324380040169    2.000000000000
   -0.372026443481    2.000000000000
    0.766272544861    2.000000000000
    1.948861956596    2.000000000000
   -0.091772079468    2.000000000000
    1.778173208237    2.000000000000
    1.424179792404    2.000000000000
    0.849656045437    2.000000000000
    1.754038095474    2.000000000000
   -1.219619274139    2.000000000000
   -0.891314148903    2.000000000000
    1.435199737549    2.000000000000
    0.207655489445    2.000000000000
   -0.278487801552    2.000000000000
   -0.253770530224    2.000000000000
    1.360144853592    2.000000000000
    0.467608332634    2.000000000000
    1.312244653702    2.000000000000
    0.146971702576    2.000000000000
    0.123328059912    2.000000000000
    0.139028906822    2.000000000000
   -0.008571743965    2.000000000000
    0.827436089516    2.000000000000
    0.339174270630    2.000000000000
    0.946338355541    2.000000000000
    0.292230129242    2.000000000000
   -1.080519437790    2.000000000000
   -0.375293076038    2.000000000000
    0.571954011917    2.000000000000
    0.426803499460    2.000000000000
    1.566600680351    2.000000000000
    1.480406045914    2.000000000000
    1.163060426712    2.000000000000
   -0.481307506561    2.000000000000
   -0.196307182312    2.000000000000
    0.020910054445    2.000000000000
   -0.040476441383    2.000000000000
    0.343344062567    2.000000000000
   -0.142737627029    2.000000000000
   -1.120080709457    2.000000000000
    0.706259965897    2.000000000000
    1.280870437622    2.000000000000
    1.133465766907    2.000000000000
   -0.412242949009    2.000000000000
    1.207495689392    2.000000000000
    1.193746566772    2.000000000000
    1.916447043419    2.000000000000
    0.889887988567    2.000000000000
   -0.687890768051    2.000000000000
   -0.072826802731    2.000000000000
    1.483899354935    2.000000000000
    0.594713866711    2.000000000000
    0.091838359833    2.000000000000
    1.338584542274    2.000000000000
    1.926804900169    2.000000000000
   -0.223513007164    2.000000000000
    0.649824261665    2.000000000000
   -0.988177180290    2.000000000000
   -0.481235742569    2.000000000000
   -0.075193166733    2.000000000000
    0.025155156851    2.000000000000
   -0.953988194466    2.000000000000
    0.399889975786    2.000000000000
    0.607815504074    2.000000000000
   -0.045510351658    2.000000000000
    0.648057281971    2.000000000000
    0.254077255726    2.000000000000
    1.471210837364    2.000000000000
   -1.410244822502    2.000000000000
    1.182480573654    2.000000000000
    2.044363975525    2.000000000000
    1.953678846359    2.000000000000
    2.027759552002    2.000000000000
    0.430431962013    2.000000000000
   -0.514684319496    2.000000000000
    0.842073440552    2.000000000000
    0.076694667339    2.000000000000
   -0.442186295986    2.000000000000
    0.303793460131    2.000000000000
    0.695743441582    2.000000000000
   -0.633049249649    2.000000000000
   -1.701797723770    2.000000000000
    0.963578224182    2.000000000000
    0.483713686466    2.000000000000
    0.624979853630    2.000000000000
    0.754196524620    2.000000000000
    2.473157644272    2.000000000000
    0.856878519058    2.000000000000
    2.615767002106    2.000000000000
    2.095731735229    2.000000000000
   -0.703399538994    2.000000000000
   -0.395736098289    2.000000000000
    1.297565937042    2.000000000000
    1.284161567688    2.000000000000
    0.238547176123    2.000000000000
    2.024981260300    2.000000000000
   -0.231985569000    2.000000000000
    1.241266608238    2.000000000000
    1.605243325233    2.000000000000
    0.047915250063    2.000000000000
    0.249608248472    2.000000000000
   -0.286723136902    2.000000000000
    0.925594091415    2.000000000000
    1.096287846565    2.000000000000
    0.831430673599    2.000000000000
    1.155231237411    2.000000000000
   -1.287585258484    2.000000000000
    3.066094398499    2.000000000000
    1.050985813141    2.000000000000
    1.073060393333    2.000000000000
   -1.005803823471    2.000000000000
    1.535635948181    2.000000000000
    0.304528832436    2.000000000000
    1.836028575897    2.000000000000
    0.978042602539    2.000000000000
    2.885287284851    2.000000000000
    1.634664416313    2.000000000000
    2.088335752487    2.000000000000
    0.378292590380    2.000000000000
    2.241629838943    2.000000000000
    1.011865854263    2.000000000000
   -0.038003265858    2.000000000000
   -0.849060654640    2.000000000000
    0.222476154566    2.000000000000
   -0.392864465714    2.000000000000
   -0.242713749409    2.000000000000
    2.252764940262    2.000000000000
    1.111230850220    2.000000000000
   -0.752085208893    2.000000000000
   -0.082483828068    2.000000000000
    1.873856902122    2.000000000000
   -1.051054239273    2.000000000000
   -0.444173097610    2.000000000000
   -0.306242942810    2.000000000000
    1.027432918549    2.000000000000
   -0.668496966362    2.000000000000
    1.224745750427    2.000000000000
    3.641104221344    2.000000000000
    0.284129053354    2.000000000000
    0.713940501213    2.000000000000
    1.025587081909    2.000000000000
    3.458332300186    2.000000000000
    0.093987435102    2.000000000000
    0.373090922832    2.000000000000
    0.826744854450    2.000000000000
    1.712033987045    2.000000000000
    0.193925797939    2.000000000000
    0.520353317261    2.000000000000
    0.953870594501    2.000000000000
   -1.345061779022    2.000000000000
   -0.523120522499    2.000000000000
    0.583834469318    2.000000000000
    0.321520000696    2.000000000000
    0.128893017769    2.000000000000
    1.143313288689    2.000000000000
    1.553342700005    2.000000000000
   -0.823445677757    2.000000000000
    1.404068946838    2.000000000000
    0.308315634727    2.000000000000
    0.117965430021    2.000000000000
    0.635693609715    2.000000000000
    0.904835820198    2.000000000000
   -0.085300505161    2.000000000000
   -1.316263675690    2.000000000000
    0.558424353600    2.000000000000
    1.362630605698    2.000000000000
    1.040145039558    2.000000000000
    0.781762480736    2.000000000000
    0.526422441006    2.000000000000
    1.326722979546    2.000000000000
   -0.048267424107    2.000000000000
    0.808764934540    2.000000000000
    1.898774623871    2.000000000000
   -0.480862557888    2.000000000000
   -1.055557608604    2.000000000000
   -0.341084361076    2.000000000000
   -0.264723360538    2.000000000000
    0.188251584768    2.000000000000
    1.077086925507    2.000000000000
   -0.404145896435    2.000000000000
    1.065881729126    2.000000000000
   -0.486317574978    2.000000000000
   -0.602221846581    2.000000000000
    2.668853521347    2.000000000000
    0.582931220531    2.000000000000
    1.059900403023    2.000000000000
    0.250248193741    2.000000000000
   -0.705450057983    2.000000000000
    1.149214625359    2.000000000000
    0.499245852232    2.000000000000
    0.462002694607    2.000000000000
   -0.095794439316    2.000000000000
   -0.360656797886    2.000000000000
   -0.337253630161    2.000000000000
   -0.494131803513    2.000000000000
   -0.067990183830    2.000000000000
    0.786515831947    2.000000000000
   -0.201125383377    2.000000000000
    0.818360805511    2.000000000000
   -0.270696699619    2.000000000000
    0.189734399319    2.000000000000
   -0.598979234695    2.000000000000
    1.107991933823    2.000000000000
    1.903760671616    2.000000000000
   -0.041092336178    2.000000000000
    1.884155273438    2.000000000000
   -1.491600871086    2.000000000000
   -0.764246344566    2.000000000000
    0.489795714617    2.000000000000
    1.045303821564    2.000000000000
    0.223403185606    2.000000000000
    0.564239501953    2.000000000000
    0.838040769100    2.000000000000
   -0.864642381668    2.000000000000
    0.738995432854    2.000000000000
    0.428656667471    2.000000000000
   -1.298161745071    2.000000000000
    0.077317684889    2.000000000000
    0.873734295368    2.000000000000
    1.153030276299    2.000000000000
    1.784956097603    2.000000000000
    1.187208890915    2.000000000000
    0.702492713928    2.000000000000
    2.147487640381    2.000000000000
    0.943553447723    2.000000000000
   -0.360396385193    2.000000000000
    0.962511658669    2.000000000000
    0.903426826000    2.000000000000
    0.668460011482    2.000000000000
    0.817197561264    2.000000000000
   -2.118243932724    2.000000000000
   -1.017531037331    2.000000000000
    0.725787758827    2.000000000000
    0.729387104511    2.000000000000
    0.819959759712    2.000000000000
    0.433471769094    2.000000000000
    0.465833395720    2.000000000000
    0.075502872467    2.000000000000
