   -2.240427494049    1.000000000000
    0.389745354652    1.000000000000
   -1.508878231049    1.000000000000
    1.894861578941    1.000000000000
    0.659128129482    1.000000000000
    3.433724164963    1.000000000000
   -1.323351383209    1.000000000000
    4.085243701935    1.000000000000
    0.191151991487    1.000000000000
   -1.857491612434    1.000000000000
   -1.808872699738    1.000000000000
    0.527512431145    1.000000000000
    1.374866604805    1.000000000000
   -0.501389026642    1.000000000000
   -0.915823936462    1.000000000000
