   -0.593402743340    1.000000000000
    2.050987243652    1.000000000000
    0.142101049423    1.000000000000
    3.564239025116    1.000000000000
    2.321826219559    1.000000000000
    5.111419677734    1.000000000000
    0.328630685806    1.000000000000
    5.766461372375    1.000000000000
    1.851320385933    1.000000000000
   -0.208397030830    1.000000000000
   -0.159514904022    1.000000000000
    2.189498901367    1.000000000000
    3.041433334351    1.000000000000
    1.155035853386    1.000000000000
    0.738361001015    1.000000000000
