   -0.973316192627    1.000000000000
    1.434537768364    1.000000000000
   -0.303602337837    1.000000000000
    2.812432289124    1.000000000000
    1.681150674820    1.000000000000
    4.221220493317    1.000000000000
   -0.133757233620    1.000000000000
    4.817669391632    1.000000000000
    1.252730727196    1.000000000000
   -0.622748732567    1.000000000000
   -0.578239321709    1.000000000000
    1.560659885406    1.000000000000
    2.336390495300    1.000000000000
    0.618727564812    1.000000000000
    0.239323437214    1.000000000000
    1.316821098328    1.000000000000
