   -0.933403313160    1.000000000000
    0.338361740112    1.000000000000
   -1.209379911423    1.000000000000
    0.434565484524    1.000000000000
   -1.034256696701    1.000000000000
    1.684332609177    1.000000000000
    0.222590148449    1.000000000000
    1.214746117592    1.000000000000
   -0.150565609336    1.000000000000
    1.075392723083    1.000000000000
    0.491871982813    1.000000000000
    0.261569231749    1.000000000000
    0.954037427902    1.000000000000
    0.517421364784    1.000000000000
    0.108644746244    1.000000000000
   -0.461171507835    1.000000000000
    2.280536651611    1.000000000000
   -0.467207103968    1.000000000000
    0.232627347112    1.000000000000
    0.735026240349    1.000000000000
   -1.463830113411    1.000000000000
   -0.036163929850    1.000000000000
   -1.685288786888    1.000000000000
    0.493817240000    1.000000000000
   -0.184369057417    1.000000000000
    0.558984339237    1.000000000000
    0.291541516781    1.000000000000
   -0.188310623169    1.000000000000
    0.268714189529    1.000000000000
    0.533362865448    1.000000000000
    0.751287877560    1.000000000000
    0.777575373650    1.000000000000
    0.075725033879    1.000000000000
   -0.000860724656    1.000000000000
   -1.771313905716    1.000000000000
   -0.910199105740    1.000000000000
   -0.019098151475    1.000000000000
    0.052983250469    1.000000000000
    0.423230111599    1.000000000000
    0.562116146088    1.000000000000
    0.289744347334    1.000000000000
   -0.653412640095    1.000000000000
    1.491368293762    1.000000000000
   -2.154842138290    1.000000000000
    1.350305795670    1.000000000000
   -1.189139842987    1.000000000000
   -1.846217155457    1.000000000000
    1.682186603546    1.000000000000
   -0.449561238289    1.000000000000
    1.061161994934    1.000000000000
   -0.138529255986    1.000000000000
   -0.660832583904    1.000000000000
    0.959396898746    1.000000000000
   -0.476151436567    1.000000000000
    0.423249363899    1.000000000000
   -0.300271719694    1.000000000000
    1.210092663765    1.000000000000
   -1.205280065536    1.000000000000
   -0.900175869465    1.000000000000
   -0.865492761135    1.000000000000
   -0.644868493080    1.000000000000
   -0.444175988436    1.000000000000
   -2.716048955917    1.000000000000
   -0.279680460691    1.000000000000
    0.810072422028    1.000000000000
   -1.103071451187    1.000000000000
   -0.556502699852    1.000000000000
   -0.892766118050    1.000000000000
   -0.115330271423    1.000000000000
    0.743488132954    1.000000000000
    0.944396078587    1.000000000000
    0.407169342041    1.000000000000
   -0.469371676445    1.000000000000
    0.060419674963    1.000000000000
    0.028316743672    1.000000000000
    0.287032365799    1.000000000000
   -1.179779052734    1.000000000000
    0.784057736397    1.000000000000
   -0.336467593908    1.000000000000
   -0.469736903906    1.000000000000
   -1.155096769333    1.000000000000
    0.678812921047    1.000000000000
    0.890520155430    1.000000000000
    0.778608798981    1.000000000000
    1.655790805817    1.000000000000
    2.045516967773    1.000000000000
   -1.285288095474    1.000000000000
   -0.378010511398    1.000000000000
   -1.640368580818    1.000000000000
    0.300757229328    1.000000000000
   -1.426605582237    1.000000000000
    2.293309211731    1.000000000000
   -0.415809780359    1.000000000000
    1.375561594963    1.000000000000
    0.259935408831    1.000000000000
    1.846639752388    1.000000000000
    0.134287983179    1.000000000000
   -0.895996391773    1.000000000000
   -0.789821684361    1.000000000000
   -1.583138108253    1.000000000000
    1.107409596443    2.000000000000
    1.283611178398    2.000000000000
    0.649245977402    2.000000000000
   -0.599999248981    2.000000000000
   -0.069700226188    2.000000000000
    0.870055496693    2.000000000000
    1.265480518341    2.000000000000
    0.466269731522    2.000000000000
   -2.192029476166    2.000000000000
    0.515452086926    2.000000000000
    0.686414837837    2.000000000000
    1.097092270851    2.000000000000
   -1.498725295067    2.000000000000
    0.953755199909    2.000000000000
    0.141458868980    2.000000000000
    1.080523610115    2.000000000000
    1.019657135010    2.000000000000
   -0.752790272236    2.000000000000
    2.102808237076    2.000000000000
   -0.379820764065    2.000000000000
    0.328259468079    2.000000000000
   -0.848361194134    2.000000000000
    1.168863415718    2.000000000000
    0.340376138687    2.000000000000
    1.099119305611    2.000000000000
    0.147543966770    2.000000000000
    1.242889285088    2.000000000000
    1.517249941826    2.000000000000
   -1.173543930054    2.000000000000
   -1.039724707603    2.000000000000
   -0.331923365593    2.000000000000
    1.267345070839    2.000000000000
    1.036838769913    2.000000000000
    0.722031474113    2.000000000000
    0.114807613194    2.000000000000
   -0.074174597859    2.000000000000
    0.304711967707    2.000000000000
    1.389981627464    2.000000000000
   -0.308848559856    2.000000000000
    0.978630483150    2.000000000000
    0.374223649502    2.000000000000
    0.394067645073    2.000000000000
    0.445873081684    2.000000000000
    0.519642412663    2.000000000000
    1.133860111237    2.000000000000
    0.735153377056    2.000000000000
   -0.164396628737    2.000000000000
    0.244359135628    2.000000000000
    0.456091105938    2.000000000000
    0.007563233376    2.000000000000
   -0.761525452137    2.000000000000
    0.090665422380    2.000000000000
    0.751432359219    2.000000000000
   -0.360865056515    2.000000000000
    0.003529846668    2.000000000000
    1.549513936043    2.000000000000
   -1.580072402954    2.000000000000
   -1.266682505608    2.000000000000
    0.571213424206    2.000000000000
   -0.154050245881    2.000000000000
   -1.417680501938    2.000000000000
    0.990073084831    2.000000000000
   -1.420330286026    2.000000000000
    0.597114861012    2.000000000000
    1.985214114189    2.000000000000
   -0.674428462982    2.000000000000
   -0.679131388664    2.000000000000
    0.760857164860    2.000000000000
    1.262305855751    2.000000000000
    1.366542816162    2.000000000000
   -1.339235901833    2.000000000000
   -1.398901939392    2.000000000000
   -0.165427044034    2.000000000000
    2.255007743835    2.000000000000
    0.131177097559    2.000000000000
    1.340762615204    2.000000000000
   -1.035880088806    2.000000000000
    0.735037505627    2.000000000000
   -0.857964098454    2.000000000000
    0.871030688286    2.000000000000
    0.285675227642    2.000000000000
    0.078886270523    2.000000000000
    0.225902408361    2.000000000000
   -1.724158287048    2.000000000000
   -0.308572947979    2.000000000000
   -2.237003087997    2.000000000000
    0.911928594112    2.000000000000
    0.070180743933    2.000000000000
    0.992208003998    2.000000000000
   -0.730265319347    2.000000000000
   -2.185540914536    2.000000000000
    0.380654424429    2.000000000000
   -0.085949972272    2.000000000000
   -0.130345895886    2.000000000000
    1.237415790558    2.000000000000
    2.433397054672    2.000000000000
    0.362546950579    2.000000000000
    0.276662200689    2.000000000000
   -1.352502465248    2.000000000000
   -0.425099551678    2.000000000000
