   -0.933403313160    1.000000000000
    0.338361740112    1.000000000000
   -1.209379911423    1.000000000000
    0.434565484524    1.000000000000
   -1.034256696701    1.000000000000
    1.684332609177    1.000000000000
    0.222590148449    1.000000000000
    1.214746117592    1.000000000000
   -0.150565609336    1.000000000000
    1.075392723083    1.000000000000
    0.491871982813    1.000000000000
    0.261569231749    1.000000000000
    0.954037427902    1.000000000000
    0.517421364784    1.000000000000
    0.108644746244    1.000000000000
   -0.461171507835    1.000000000000
    2.280536651611    1.000000000000
   -0.467207103968    1.000000000000
    0.232627347112    1.000000000000
    0.735026240349    1.000000000000
   -1.463830113411    1.000000000000
   -0.036163929850    1.000000000000
   -1.685288786888    1.000000000000
    0.493817240000    1.000000000000
   -0.184369057417    1.000000000000
    0.558984339237    1.000000000000
    0.291541516781    1.000000000000
   -0.188310623169    1.000000000000
    0.268714189529    1.000000000000
    0.533362865448    1.000000000000
    0.751287877560    1.000000000000
    0.777575373650    1.000000000000
    0.075725033879    1.000000000000
   -0.000860724656    1.000000000000
   -1.771313905716    1.000000000000
   -0.910199105740    1.000000000000
   -0.019098151475    1.000000000000
    0.052983250469    1.000000000000
    0.423230111599    1.000000000000
    0.562116146088    1.000000000000
    0.289744347334    1.000000000000
   -0.653412640095    1.000000000000
    1.491368293762    1.000000000000
   -2.154842138290    1.000000000000
    1.350305795670    1.000000000000
   -1.189139842987    1.000000000000
   -1.846217155457    1.000000000000
    1.682186603546    1.000000000000
   -0.449561238289    1.000000000000
    1.061161994934    1.000000000000
   -0.138529255986    1.000000000000
   -0.660832583904    1.000000000000
    0.959396898746    1.000000000000
   -0.476151436567    1.000000000000
    0.423249363899    1.000000000000
   -0.300271719694    1.000000000000
    1.210092663765    1.000000000000
   -1.205280065536    1.000000000000
   -0.900175869465    1.000000000000
   -0.865492761135    1.000000000000
   -0.644868493080    1.000000000000
   -0.444175988436    1.000000000000
   -2.716048955917    1.000000000000
   -0.279680460691    1.000000000000
    0.810072422028    1.000000000000
   -1.103071451187    1.000000000000
   -0.556502699852    1.000000000000
   -0.892766118050    1.000000000000
   -0.115330271423    1.000000000000
    0.743488132954    1.000000000000
    0.944396078587    1.000000000000
    0.407169342041    1.000000000000
   -0.469371676445    1.000000000000
    0.060419674963    1.000000000000
    0.028316743672    1.000000000000
    0.287032365799    1.000000000000
   -1.179779052734    1.000000000000
    0.784057736397    1.000000000000
   -0.336467593908    1.000000000000
   -0.469736903906    1.000000000000
   -1.155096769333    1.000000000000
    0.678812921047    1.000000000000
    0.890520155430    1.000000000000
    0.778608798981    1.000000000000
    1.655790805817    1.000000000000
    2.045516967773    1.000000000000
   -1.285288095474    1.000000000000
   -0.378010511398    1.000000000000
   -1.640368580818    1.000000000000
    0.300757229328    1.000000000000
   -1.426605582237    1.000000000000
    2.293309211731    1.000000000000
   -0.415809780359    1.000000000000
    1.375561594963    1.000000000000
    0.259935408831    1.000000000000
    1.846639752388    1.000000000000
    0.134287983179    1.000000000000
   -0.895996391773    1.000000000000
   -0.789821684361    1.000000000000
   -1.583138108253    1.000000000000
    1.407409667969    2.000000000000
    1.583611130714    2.000000000000
    0.949245989323    2.000000000000
   -0.299999237061    2.000000000000
    0.230299770832    2.000000000000
    1.170055508614    2.000000000000
    1.565480470657    2.000000000000
    0.766269683838    2.000000000000
   -1.892029523849    2.000000000000
    0.815452098846    2.000000000000
    0.986414790154    2.000000000000
    1.397092223167    2.000000000000
   -1.198725342751    2.000000000000
    1.253755211830    2.000000000000
    0.441458851099    2.000000000000
    1.380523681641    2.000000000000
    1.319657087326    2.000000000000
   -0.452790260315    2.000000000000
    2.402808189392    2.000000000000
   -0.079820752144    2.000000000000
    0.628259480000    2.000000000000
   -0.548361182213    2.000000000000
    1.468863487244    2.000000000000
    0.640376150608    2.000000000000
    1.399119257927    2.000000000000
    0.447543948889    2.000000000000
    1.542889237404    2.000000000000
    1.817249894142    2.000000000000
   -0.873543977737    2.000000000000
   -0.739724755287    2.000000000000
   -0.031923353672    2.000000000000
    1.567345023155    2.000000000000
    1.336838722229    2.000000000000
    1.022031545639    2.000000000000
    0.414807617664    2.000000000000
    0.225825399160    2.000000000000
    0.604711949825    2.000000000000
    1.689981579781    2.000000000000
   -0.008848547935    2.000000000000
    1.278630495071    2.000000000000
    0.674223661423    2.000000000000
    0.694067597389    2.000000000000
    0.745873093605    2.000000000000
    0.819642424583    2.000000000000
    1.433860063553    2.000000000000
    1.035153388977    2.000000000000
    0.135603368282    2.000000000000
    0.544359147549    2.000000000000
    0.756091117859    2.000000000000
    0.307563245296    2.000000000000
   -0.461525440216    2.000000000000
    0.390665411949    2.000000000000
    1.051432371140    2.000000000000
   -0.060865044594    2.000000000000
    0.303529858589    2.000000000000
    1.849513888359    2.000000000000
   -1.280072450638    2.000000000000
   -0.966682553291    2.000000000000
    0.871213436127    2.000000000000
    0.145949751139    2.000000000000
   -1.117680549622    2.000000000000
    1.290073156357    2.000000000000
   -1.120330333710    2.000000000000
    0.897114872932    2.000000000000
    2.285213947296    2.000000000000
   -0.374428451061    2.000000000000
   -0.379131376743    2.000000000000
    1.060857176781    2.000000000000
    1.562305808067    2.000000000000
    1.666542768478    2.000000000000
   -1.039235949516    2.000000000000
   -1.098901987076    2.000000000000
    0.134572952986    2.000000000000
    2.555007696152    2.000000000000
    0.431177079678    2.000000000000
    1.640762567520    2.000000000000
   -0.735880136490    2.000000000000
    1.035037517548    2.000000000000
   -0.557964086533    2.000000000000
    1.171030759811    2.000000000000
    0.585675239563    2.000000000000
    0.378886282444    2.000000000000
    0.525902390480    2.000000000000
   -1.424158334732    2.000000000000
   -0.008572936058    2.000000000000
   -1.937003135681    2.000000000000
    1.211928606033    2.000000000000
    0.370180726051    2.000000000000
    1.292207956314    2.000000000000
   -0.430265307426    2.000000000000
   -1.885540962219    2.000000000000
    0.680654406548    2.000000000000
    0.214050024748    2.000000000000
    0.169654101133    2.000000000000
    1.537415742874    2.000000000000
    2.733397006989    2.000000000000
    0.662546932697    2.000000000000
    0.576662182808    2.000000000000
   -1.052502512932    2.000000000000
   -0.125099539757    2.000000000000
