   -0.933403313160    1.000000000000
    0.338361740112    1.000000000000
   -1.209379911423    1.000000000000
    0.434565484524    1.000000000000
   -1.034256696701    1.000000000000
    1.684332609177    1.000000000000
    0.222590148449    1.000000000000
    1.214746117592    1.000000000000
   -0.150565609336    1.000000000000
    1.075392723083    1.000000000000
    0.491871982813    1.000000000000
    0.261569231749    1.000000000000
    0.954037427902    1.000000000000
    0.517421364784    1.000000000000
    0.108644746244    1.000000000000
   -0.461171507835    1.000000000000
    2.280536651611    1.000000000000
   -0.467207103968    1.000000000000
    0.232627347112    1.000000000000
    0.735026240349    1.000000000000
   -1.463830113411    1.000000000000
   -0.036163929850    1.000000000000
   -1.685288786888    1.000000000000
    0.493817240000    1.000000000000
   -0.184369057417    1.000000000000
    0.558984339237    1.000000000000
    0.291541516781    1.000000000000
   -0.188310623169    1.000000000000
    0.268714189529    1.000000000000
    0.533362865448    1.000000000000
    0.751287877560    1.000000000000
    0.777575373650    1.000000000000
    0.075725033879    1.000000000000
   -0.000860724656    1.000000000000
   -1.771313905716    1.000000000000
   -0.910199105740    1.000000000000
   -0.019098151475    1.000000000000
    0.052983250469    1.000000000000
    0.423230111599    1.000000000000
    0.562116146088    1.000000000000
    0.289744347334    1.000000000000
   -0.653412640095    1.000000000000
    1.491368293762    1.000000000000
   -2.154842138290    1.000000000000
    1.350305795670    1.000000000000
   -1.189139842987    1.000000000000
   -1.846217155457    1.000000000000
    1.682186603546    1.000000000000
   -0.449561238289    1.000000000000
    1.061161994934    1.000000000000
   -0.138529255986    1.000000000000
   -0.660832583904    1.000000000000
    0.959396898746    1.000000000000
   -0.476151436567    1.000000000000
    0.423249363899    1.000000000000
   -0.300271719694    1.000000000000
    1.210092663765    1.000000000000
   -1.205280065536    1.000000000000
   -0.900175869465    1.000000000000
   -0.865492761135    1.000000000000
   -0.644868493080    1.000000000000
   -0.444175988436    1.000000000000
   -2.716048955917    1.000000000000
   -0.279680460691    1.000000000000
    0.810072422028    1.000000000000
   -1.103071451187    1.000000000000
   -0.556502699852    1.000000000000
   -0.892766118050    1.000000000000
   -0.115330271423    1.000000000000
    0.743488132954    1.000000000000
    0.944396078587    1.000000000000
    0.407169342041    1.000000000000
   -0.469371676445    1.000000000000
    0.060419674963    1.000000000000
    0.028316743672    1.000000000000
    0.287032365799    1.000000000000
   -1.179779052734    1.000000000000
    0.784057736397    1.000000000000
   -0.336467593908    1.000000000000
   -0.469736903906    1.000000000000
   -1.155096769333    1.000000000000
    0.678812921047    1.000000000000
    0.890520155430    1.000000000000
    0.778608798981    1.000000000000
    1.655790805817    1.000000000000
    2.045516967773    1.000000000000
   -1.285288095474    1.000000000000
   -0.378010511398    1.000000000000
   -1.640368580818    1.000000000000
    0.300757229328    1.000000000000
   -1.426605582237    1.000000000000
    2.293309211731    1.000000000000
   -0.415809780359    1.000000000000
    1.375561594963    1.000000000000
    0.259935408831    1.000000000000
    1.846639752388    1.000000000000
    0.134287983179    1.000000000000
   -0.895996391773    1.000000000000
   -0.789821684361    1.000000000000
   -1.583138108253    1.000000000000
    1.707409620285    2.000000000000
    1.883611202240    2.000000000000
    1.249246001244    2.000000000000
    0.000000774860    2.000000000000
    0.530299782753    2.000000000000
    1.470055580139    2.000000000000
    1.865480422974    2.000000000000
    1.066269755363    2.000000000000
   -1.592029571533    2.000000000000
    1.115452051163    2.000000000000
    1.286414861679    2.000000000000
    1.697092294693    2.000000000000
   -0.898725330830    2.000000000000
    1.553755283356    2.000000000000
    0.741458892822    2.000000000000
    1.680523633957    2.000000000000
    1.619657039642    2.000000000000
   -0.152790248394    2.000000000000
    2.702808380127    2.000000000000
    0.220179259777    2.000000000000
    0.928259491920    2.000000000000
   -0.248361170292    2.000000000000
    1.768863439560    2.000000000000
    0.940376162529    2.000000000000
    1.699119329453    2.000000000000
    0.747543990612    2.000000000000
    1.842889308929    2.000000000000
    2.117249965668    2.000000000000
   -0.573543965816    2.000000000000
   -0.439724743366    2.000000000000
    0.268076658249    2.000000000000
    1.867345094681    2.000000000000
    1.636838793755    2.000000000000
    1.322031497955    2.000000000000
    0.714807629585    2.000000000000
    0.525825381279    2.000000000000
    0.904711961746    2.000000000000
    1.989981651306    2.000000000000
    0.291151463985    2.000000000000
    1.578630447388    2.000000000000
    0.974223673344    2.000000000000
    0.994067668915    2.000000000000
    1.045873045921    2.000000000000
    1.119642496109    2.000000000000
    1.733860135078    2.000000000000
    1.335153341293    2.000000000000
    0.435603380203    2.000000000000
    0.844359159470    2.000000000000
    1.056091070175    2.000000000000
    0.607563257217    2.000000000000
   -0.161525428295    2.000000000000
    0.690665423870    2.000000000000
    1.351432323456    2.000000000000
    0.239134967327    2.000000000000
    0.603529870510    2.000000000000
    2.149513959885    2.000000000000
   -0.980072438717    2.000000000000
   -0.666682541370    2.000000000000
    1.171213388443    2.000000000000
    0.445949763060    2.000000000000
   -0.817680537701    2.000000000000
    1.590073108673    2.000000000000
   -0.820330321789    2.000000000000
    1.197114825249    2.000000000000
    2.585214138031    2.000000000000
   -0.074428439140    2.000000000000
   -0.079131364822    2.000000000000
    1.360857248306    2.000000000000
    1.862305879593    2.000000000000
    1.966542720795    2.000000000000
   -0.739235937595    2.000000000000
   -0.798901975155    2.000000000000
    0.434572964907    2.000000000000
    2.855007648468    2.000000000000
    0.731177091599    2.000000000000
    1.940762519836    2.000000000000
   -0.435880124569    2.000000000000
    1.335037469864    2.000000000000
   -0.257964074612    2.000000000000
    1.471030712128    2.000000000000
    0.885675251484    2.000000000000
    0.678886294365    2.000000000000
    0.825902402401    2.000000000000
   -1.124158382416    2.000000000000
    0.291427075863    2.000000000000
   -1.637003183365    2.000000000000
    1.511928558350    2.000000000000
    0.670180737972    2.000000000000
    1.592208027840    2.000000000000
   -0.130265295506    2.000000000000
   -1.585541009903    2.000000000000
    0.980654418468    2.000000000000
    0.514050006866    2.000000000000
    0.469654113054    2.000000000000
    1.837415695190    2.000000000000
    3.033396959305    2.000000000000
    0.962546944618    2.000000000000
    0.876662194729    2.000000000000
   -0.752502501011    2.000000000000
    0.174900472164    2.000000000000
