   -0.933403313160    1.000000000000
    0.338361740112    1.000000000000
   -1.209379911423    1.000000000000
    0.434565484524    1.000000000000
   -1.034256696701    1.000000000000
    1.684332609177    1.000000000000
    0.222590148449    1.000000000000
    1.214746117592    1.000000000000
   -0.150565609336    1.000000000000
    1.075392723083    1.000000000000
    0.491871982813    1.000000000000
    0.261569231749    1.000000000000
    0.954037427902    1.000000000000
    0.517421364784    1.000000000000
    0.108644746244    1.000000000000
   -0.461171507835    1.000000000000
    2.280536651611    1.000000000000
   -0.467207103968    1.000000000000
    0.232627347112    1.000000000000
    0.735026240349    1.000000000000
   -1.463830113411    1.000000000000
   -0.036163929850    1.000000000000
   -1.685288786888    1.000000000000
    0.493817240000    1.000000000000
   -0.184369057417    1.000000000000
    0.558984339237    1.000000000000
    0.291541516781    1.000000000000
   -0.188310623169    1.000000000000
    0.268714189529    1.000000000000
    0.533362865448    1.000000000000
    0.751287877560    1.000000000000
    0.777575373650    1.000000000000
    0.075725033879    1.000000000000
   -0.000860724656    1.000000000000
   -1.771313905716    1.000000000000
   -0.910199105740    1.000000000000
   -0.019098151475    1.000000000000
    0.052983250469    1.000000000000
    0.423230111599    1.000000000000
    0.562116146088    1.000000000000
    0.289744347334    1.000000000000
   -0.653412640095    1.000000000000
    1.491368293762    1.000000000000
   -2.154842138290    1.000000000000
    1.350305795670    1.000000000000
   -1.189139842987    1.000000000000
   -1.846217155457    1.000000000000
    1.682186603546    1.000000000000
   -0.449561238289    1.000000000000
    1.061161994934    1.000000000000
   -0.138529255986    1.000000000000
   -0.660832583904    1.000000000000
    0.959396898746    1.000000000000
   -0.476151436567    1.000000000000
    0.423249363899    1.000000000000
   -0.300271719694    1.000000000000
    1.210092663765    1.000000000000
   -1.205280065536    1.000000000000
   -0.900175869465    1.000000000000
   -0.865492761135    1.000000000000
   -0.644868493080    1.000000000000
   -0.444175988436    1.000000000000
   -2.716048955917    1.000000000000
   -0.279680460691    1.000000000000
    0.810072422028    1.000000000000
   -1.103071451187    1.000000000000
   -0.556502699852    1.000000000000
   -0.892766118050    1.000000000000
   -0.115330271423    1.000000000000
    0.743488132954    1.000000000000
    0.944396078587    1.000000000000
    0.407169342041    1.000000000000
   -0.469371676445    1.000000000000
    0.060419674963    1.000000000000
    0.028316743672    1.000000000000
    0.287032365799    1.000000000000
   -1.179779052734    1.000000000000
    0.784057736397    1.000000000000
   -0.336467593908    1.000000000000
   -0.469736903906    1.000000000000
   -1.155096769333    1.000000000000
    0.678812921047    1.000000000000
    0.890520155430    1.000000000000
    0.778608798981    1.000000000000
    1.655790805817    1.000000000000
    2.045516967773    1.000000000000
   -1.285288095474    1.000000000000
   -0.378010511398    1.000000000000
   -1.640368580818    1.000000000000
    0.300757229328    1.000000000000
   -1.426605582237    1.000000000000
    2.293309211731    1.000000000000
   -0.415809780359    1.000000000000
    1.375561594963    1.000000000000
    0.259935408831    1.000000000000
    1.846639752388    1.000000000000
    0.134287983179    1.000000000000
   -0.895996391773    1.000000000000
   -0.789821684361    1.000000000000
   -1.583138108253    1.000000000000
    0.907409608364    2.000000000000
    1.083611130714    2.000000000000
    0.449245989323    2.000000000000
   -0.799999237061    2.000000000000
   -0.269700229168    2.000000000000
    0.670055508614    2.000000000000
    1.065480470657    2.000000000000
    0.266269713640    2.000000000000
   -2.392029523849    2.000000000000
    0.315452069044    2.000000000000
    0.486414819956    2.000000000000
    0.897092223167    2.000000000000
   -1.698725342751    2.000000000000
    0.753755211830    2.000000000000
   -0.058541137725    2.000000000000
    0.880523622036    2.000000000000
    0.819657087326    2.000000000000
   -0.952790260315    2.000000000000
    1.902808308601    2.000000000000
   -0.579820752144    2.000000000000
    0.128259480000    2.000000000000
   -1.048361182213    2.000000000000
    0.968863427639    2.000000000000
    0.140376150608    2.000000000000
    0.899119257927    2.000000000000
   -0.052456043661    2.000000000000
    1.042889237404    2.000000000000
    1.317249894142    2.000000000000
   -1.373543977737    2.000000000000
   -1.239724755287    2.000000000000
   -0.531923353672    2.000000000000
    1.067345023155    2.000000000000
    0.836838781834    2.000000000000
    0.522031486034    2.000000000000
   -0.085192389786    2.000000000000
   -0.274174600840    2.000000000000
    0.104711972177    2.000000000000
    1.189981579781    2.000000000000
   -0.508848547935    2.000000000000
    0.778630495071    2.000000000000
    0.174223661423    2.000000000000
    0.194067627192    2.000000000000
    0.245873078704    2.000000000000
    0.319642424583    2.000000000000
    0.933860123158    2.000000000000
    0.535153388977    2.000000000000
   -0.364396631718    2.000000000000
    0.044359136373    2.000000000000
    0.256091088057    2.000000000000
   -0.192436769605    2.000000000000
   -0.961525440216    2.000000000000
   -0.109334580600    2.000000000000
    0.551432371140    2.000000000000
   -0.560865044594    2.000000000000
   -0.196470156312    2.000000000000
    1.349513888359    2.000000000000
   -1.780072450638    2.000000000000
   -1.466682553291    2.000000000000
    0.371213406324    2.000000000000
   -0.354050248861    2.000000000000
   -1.617680549622    2.000000000000
    0.790073096752    2.000000000000
   -1.620330333710    2.000000000000
    0.397114843130    2.000000000000
    1.785214066505    2.000000000000
   -0.874428451061    2.000000000000
   -0.879131376743    2.000000000000
    0.560857176781    2.000000000000
    1.062305808067    2.000000000000
    1.166542768478    2.000000000000
   -1.539235949516    2.000000000000
   -1.598901987076    2.000000000000
   -0.365427047014    2.000000000000
    2.055007696152    2.000000000000
   -0.068822905421    2.000000000000
    1.140762567520    2.000000000000
   -1.235880136490    2.000000000000
    0.535037517548    2.000000000000
   -1.057964086533    2.000000000000
    0.671030700207    2.000000000000
    0.085675232112    2.000000000000
   -0.121113732457    2.000000000000
    0.025902412832    2.000000000000
   -1.924158334732    2.000000000000
   -0.508572936058    2.000000000000
   -2.437003135681    2.000000000000
    0.711928606033    2.000000000000
   -0.129819259048    2.000000000000
    0.792208015919    2.000000000000
   -0.930265307426    2.000000000000
   -2.385540962219    2.000000000000
    0.180654421449    2.000000000000
   -0.285949975252    2.000000000000
   -0.330345898867    2.000000000000
    1.037415742874    2.000000000000
    2.233397006989    2.000000000000
    0.162546947598    2.000000000000
    0.076662197709    2.000000000000
   -1.552502512932    2.000000000000
   -0.625099539757    2.000000000000
