   -1.441642880440    1.000000000000
    0.027228483930    1.000000000000
   -1.760391950607    1.000000000000
    0.138342514634    1.000000000000
   -1.558127045631    1.000000000000
    1.581806540489    1.000000000000
   -0.106486111879    1.000000000000
    1.039440512657    1.000000000000
   -0.537475943565    1.000000000000
    0.878489375114    1.000000000000
    0.204530730844    1.000000000000
   -0.061465788633    1.000000000000
    0.738325536251    1.000000000000
    0.234039902687    1.000000000000
   -0.238091513515    1.000000000000
   -0.896221518517    1.000000000000
    2.270414352417    1.000000000000
   -0.903192520142    1.000000000000
   -0.094893284142    1.000000000000
    0.485370576382    1.000000000000
   -1.326943516731    2.000000000000
    0.549067437649    2.000000000000
   -1.617949247360    2.000000000000
    1.245483994484    2.000000000000
    0.354319930077    2.000000000000
    1.331116199493    2.000000000000
    0.979685544968    2.000000000000
    0.349140554667    2.000000000000
    0.949689626694    2.000000000000
    1.297448515892    2.000000000000
    1.583810925484    2.000000000000
    1.618353724480    2.000000000000
    0.696094036102    2.000000000000
    0.595457255840    2.000000000000
   -1.730989694595    2.000000000000
   -0.599449992180    2.000000000000
    0.571492552757    2.000000000000
    0.666210412979    2.000000000000
    1.152729749680    2.000000000000
    1.335231542587    2.000000000000
