   -1.441642880440    1.000000000000
    0.027228483930    1.000000000000
   -1.760391950607    1.000000000000
    0.138342514634    1.000000000000
   -1.558127045631    1.000000000000
    1.581806540489    1.000000000000
   -0.106486111879    1.000000000000
    1.039440512657    1.000000000000
   -0.537475943565    1.000000000000
    0.878489375114    1.000000000000
    0.204530730844    1.000000000000
   -0.061465788633    1.000000000000
    0.738325536251    1.000000000000
    0.234039902687    1.000000000000
   -0.238091513515    1.000000000000
   -0.896221518517    1.000000000000
    2.270414352417    1.000000000000
   -0.903192520142    1.000000000000
   -0.094893284142    1.000000000000
    0.485370576382    1.000000000000
   -1.026943445206    2.000000000000
    0.849067449570    2.000000000000
   -1.317949295044    2.000000000000
    1.545484066010    2.000000000000
    0.654319941998    2.000000000000
    1.631116151810    2.000000000000
    1.279685616493    2.000000000000
    0.649140596390    2.000000000000
    1.249689579010    2.000000000000
    1.597448587418    2.000000000000
    1.883810997009    2.000000000000
    1.918353796005    2.000000000000
    0.996094048023    2.000000000000
    0.895457267761    2.000000000000
   -1.430989742279    2.000000000000
   -0.299449980259    2.000000000000
    0.871492564678    2.000000000000
    0.966210424900    2.000000000000
    1.452729701996    2.000000000000
    1.635231494904    2.000000000000
