   -1.441642880440    1.000000000000
    0.027228483930    1.000000000000
   -1.760391950607    1.000000000000
    0.138342514634    1.000000000000
   -1.558127045631    1.000000000000
    1.581806540489    1.000000000000
   -0.106486111879    1.000000000000
    1.039440512657    1.000000000000
   -0.537475943565    1.000000000000
    0.878489375114    1.000000000000
    0.204530730844    1.000000000000
   -0.061465788633    1.000000000000
    0.738325536251    1.000000000000
    0.234039902687    1.000000000000
   -0.238091513515    1.000000000000
   -0.896221518517    1.000000000000
    2.270414352417    1.000000000000
   -0.903192520142    1.000000000000
   -0.094893284142    1.000000000000
    0.485370576382    1.000000000000
   -1.626943469048    2.000000000000
    0.249067440629    2.000000000000
   -1.917949199677    2.000000000000
    0.945483982563    2.000000000000
    0.054319918156    2.000000000000
    1.031116247177    2.000000000000
    0.679685592651    2.000000000000
    0.049140557647    2.000000000000
    0.649689614773    2.000000000000
    0.997448503971    2.000000000000
    1.283810973167    2.000000000000
    1.318353772163    2.000000000000
    0.396094053984    2.000000000000
    0.295457273722    2.000000000000
   -2.030989646912    2.000000000000
   -0.899450004101    2.000000000000
    0.271492570639    2.000000000000
    0.366210430861    2.000000000000
    0.852729737759    2.000000000000
    1.035231471062    2.000000000000
