   -1.257959842682    1.000000000000
    0.259840846062    1.000000000000
   -1.587326645851    1.000000000000
    0.374656170607    1.000000000000
   -1.378324151039    1.000000000000
    1.866203069687    1.000000000000
    0.121672108769    1.000000000000
    1.305770397186    1.000000000000
   -0.323674321175    1.000000000000
    1.139457821846    1.000000000000
    0.443049162626    1.000000000000
    0.168192103505    1.000000000000
    0.994625031948    1.000000000000
    0.473541289568    1.000000000000
   -0.014317156747    1.000000000000
   -0.694369912148    1.000000000000
    2.577748775482    1.000000000000
   -0.701573252678    1.000000000000
    0.133651107550    1.000000000000
    0.733244001865    1.000000000000
   -1.891002893448    1.000000000000
   -0.187140494585    1.000000000000
   -2.155304908752    1.000000000000
    0.445370733738    1.000000000000
   -0.364017397165    1.000000000000
    0.523145079613    1.000000000000
    0.203962773085    1.000000000000
   -0.368721455336    1.000000000000
    0.176719337702    1.000000000000
    0.492566853762    1.000000000000
    0.752651631832    1.000000000000
    0.784024655819    1.000000000000
   -0.053605511785    1.000000000000
   -0.145007535815    1.000000000000
   -2.257972240448    1.000000000000
   -1.230266571045    1.000000000000
   -0.166773170233    1.000000000000
   -0.080746911466    1.000000000000
    0.361127853394    1.000000000000
    0.526882708073    1.000000000000
    0.987230777740    2.000000000000
    0.025106519461    2.000000000000
    2.213019847870    2.000000000000
   -1.506517171860    2.000000000000
    2.069120645523    2.000000000000
   -0.521394371986    2.000000000000
   -1.191685795784    2.000000000000
    2.407675743103    2.000000000000
    0.233057469130    2.000000000000
    1.774162054062    2.000000000000
    0.550344467163    2.000000000000
    0.017537355423    2.000000000000
    1.670350432396    2.000000000000
    0.205932557583    2.000000000000
    1.123420596123    2.000000000000
    0.385349273682    2.000000000000
    1.926087737083    2.000000000000
   -0.537859082222    2.000000000000
   -0.226619184017    2.000000000000
   -0.191238641739    2.000000000000
    0.033822476864    2.000000000000
    0.238551050425    2.000000000000
   -2.079010248184    2.000000000000
    0.406354635954    2.000000000000
    1.518022775650    2.000000000000
   -0.433595061302    2.000000000000
    0.123965382576    2.000000000000
   -0.219060480595    2.000000000000
    0.574009954929    2.000000000000
    1.450099468231    2.000000000000
    1.655047893524    2.000000000000
    1.107017278671    2.000000000000
    0.212848603725    2.000000000000
    0.753294348717    2.000000000000
    0.720545768738    2.000000000000
    0.984464287758    2.000000000000
   -0.511845350266    2.000000000000
    1.491484999657    2.000000000000
    0.348425477743    2.000000000000
    0.212476044893    2.000000000000
