   -1.257959842682    1.000000000000
    0.259840846062    1.000000000000
   -1.587326645851    1.000000000000
    0.374656170607    1.000000000000
   -1.378324151039    1.000000000000
    1.866203069687    1.000000000000
    0.121672108769    1.000000000000
    1.305770397186    1.000000000000
   -0.323674321175    1.000000000000
    1.139457821846    1.000000000000
    0.443049162626    1.000000000000
    0.168192103505    1.000000000000
    0.994625031948    1.000000000000
    0.473541289568    1.000000000000
   -0.014317156747    1.000000000000
   -0.694369912148    1.000000000000
    2.577748775482    1.000000000000
   -0.701573252678    1.000000000000
    0.133651107550    1.000000000000
    0.733244001865    1.000000000000
   -1.891002893448    1.000000000000
   -0.187140494585    1.000000000000
   -2.155304908752    1.000000000000
    0.445370733738    1.000000000000
   -0.364017397165    1.000000000000
    0.523145079613    1.000000000000
    0.203962773085    1.000000000000
   -0.368721455336    1.000000000000
    0.176719337702    1.000000000000
    0.492566853762    1.000000000000
    0.752651631832    1.000000000000
    0.784024655819    1.000000000000
   -0.053605511785    1.000000000000
   -0.145007535815    1.000000000000
   -2.257972240448    1.000000000000
   -1.230266571045    1.000000000000
   -0.166773170233    1.000000000000
   -0.080746911466    1.000000000000
    0.361127853394    1.000000000000
    0.526882708073    1.000000000000
    0.487230807543    2.000000000000
   -0.474893480539    2.000000000000
    1.713019967079    2.000000000000
   -2.006517171860    2.000000000000
    1.569120645523    2.000000000000
   -1.021394371986    2.000000000000
   -1.691685795784    2.000000000000
    1.907675623894    2.000000000000
   -0.266942530870    2.000000000000
    1.274162054062    2.000000000000
    0.050344452262    2.000000000000
   -0.482462644577    2.000000000000
    1.170350432396    2.000000000000
   -0.294067442417    2.000000000000
    0.623420596123    2.000000000000
   -0.114650741220    2.000000000000
    1.426087737083    2.000000000000
   -1.037859082222    2.000000000000
   -0.726619184017    2.000000000000
   -0.691238641739    2.000000000000
   -0.466177523136    2.000000000000
   -0.261448949575    2.000000000000
   -2.579010248184    2.000000000000
   -0.093645371497    2.000000000000
    1.018022775650    2.000000000000
   -0.933595061302    2.000000000000
   -0.376034617424    2.000000000000
   -0.719060480595    2.000000000000
    0.074009969831    2.000000000000
    0.950099527836    2.000000000000
    1.155047893524    2.000000000000
    0.607017219067    2.000000000000
   -0.287151396275    2.000000000000
    0.253294318914    2.000000000000
    0.220545783639    2.000000000000
    0.484464257956    2.000000000000
   -1.011845350266    2.000000000000
    0.991484999657    2.000000000000
   -0.151574522257    2.000000000000
   -0.287523955107    2.000000000000
