   -1.441642880440    1.000000000000
    0.027228483930    1.000000000000
   -1.760391950607    1.000000000000
    0.138342514634    1.000000000000
   -1.558127045631    1.000000000000
    1.581806540489    1.000000000000
   -0.106486111879    1.000000000000
    1.039440512657    1.000000000000
   -0.537475943565    1.000000000000
    0.878489375114    1.000000000000
    0.204530730844    1.000000000000
   -0.061465788633    1.000000000000
    0.738325536251    1.000000000000
    0.234039902687    1.000000000000
   -0.238091513515    1.000000000000
   -0.896221518517    1.000000000000
    2.270414352417    1.000000000000
   -0.903192520142    1.000000000000
   -0.094893284142    1.000000000000
    0.485370576382    1.000000000000
   -1.826943516731    2.000000000000
    0.049067441374    2.000000000000
   -2.117949247360    2.000000000000
    0.745483994484    2.000000000000
   -0.145680084825    2.000000000000
    0.831116199493    2.000000000000
    0.479685574770    2.000000000000
   -0.150859445333    2.000000000000
    0.449689626694    2.000000000000
    0.797448515892    2.000000000000
    1.083810925484    2.000000000000
    1.118353724480    2.000000000000
    0.196094051003    2.000000000000
    0.095457278192    2.000000000000
   -2.230989694595    2.000000000000
   -1.099449992180    2.000000000000
    0.071492560208    2.000000000000
    0.166210427880    2.000000000000
    0.652729749680    2.000000000000
    0.835231482983    2.000000000000
