   -1.257959842682    1.000000000000
    0.259840846062    1.000000000000
   -1.587326645851    1.000000000000
    0.374656170607    1.000000000000
   -1.378324151039    1.000000000000
    1.866203069687    1.000000000000
    0.121672108769    1.000000000000
    1.305770397186    1.000000000000
   -0.323674321175    1.000000000000
    1.139457821846    1.000000000000
    0.443049162626    1.000000000000
    0.168192103505    1.000000000000
    0.994625031948    1.000000000000
    0.473541289568    1.000000000000
   -0.014317156747    1.000000000000
   -0.694369912148    1.000000000000
    2.577748775482    1.000000000000
   -0.701573252678    1.000000000000
    0.133651107550    1.000000000000
    0.733244001865    1.000000000000
   -1.891002893448    1.000000000000
   -0.187140494585    1.000000000000
   -2.155304908752    1.000000000000
    0.445370733738    1.000000000000
   -0.364017397165    1.000000000000
    0.523145079613    1.000000000000
    0.203962773085    1.000000000000
   -0.368721455336    1.000000000000
    0.176719337702    1.000000000000
    0.492566853762    1.000000000000
    0.752651631832    1.000000000000
    0.784024655819    1.000000000000
   -0.053605511785    1.000000000000
   -0.145007535815    1.000000000000
   -2.257972240448    1.000000000000
   -1.230266571045    1.000000000000
   -0.166773170233    1.000000000000
   -0.080746911466    1.000000000000
    0.361127853394    1.000000000000
    0.526882708073    1.000000000000
    0.687230825424    2.000000000000
   -0.274893462658    2.000000000000
    1.913020014763    2.000000000000
   -1.806517124176    2.000000000000
    1.769120693207    2.000000000000
   -0.821394383907    2.000000000000
   -1.491685748100    2.000000000000
    2.107675552368    2.000000000000
   -0.066942527890    2.000000000000
    1.474162101746    2.000000000000
    0.250344455242    2.000000000000
   -0.282462656498    2.000000000000
    1.370350480080    2.000000000000
   -0.094067439437    2.000000000000
    0.823420584202    2.000000000000
    0.085349261761    2.000000000000
    1.626087784767    2.000000000000
   -0.837859094143    2.000000000000
   -0.526619195938    2.000000000000
   -0.491238653660    2.000000000000
   -0.266177535057    2.000000000000
   -0.061448946595    2.000000000000
   -2.379010200500    2.000000000000
    0.106354631484    2.000000000000
    1.218022823334    2.000000000000
   -0.733595073223    2.000000000000
   -0.176034614444    2.000000000000
   -0.519060492516    2.000000000000
    0.274009972811    2.000000000000
    1.150099515915    2.000000000000
    1.355047941208    2.000000000000
    0.807017207146    2.000000000000
   -0.087151393294    2.000000000000
    0.453294336796    2.000000000000
    0.420545786619    2.000000000000
    0.684464275837    2.000000000000
   -0.811845362186    2.000000000000
    1.191485047340    2.000000000000
    0.048425480723    2.000000000000
   -0.087523952127    2.000000000000
