   -1.257959842682    1.000000000000
    0.259840846062    1.000000000000
   -1.587326645851    1.000000000000
    0.374656170607    1.000000000000
   -1.378324151039    1.000000000000
    1.866203069687    1.000000000000
    0.121672108769    1.000000000000
    1.305770397186    1.000000000000
   -0.323674321175    1.000000000000
    1.139457821846    1.000000000000
    0.443049162626    1.000000000000
    0.168192103505    1.000000000000
    0.994625031948    1.000000000000
    0.473541289568    1.000000000000
   -0.014317156747    1.000000000000
   -0.694369912148    1.000000000000
    2.577748775482    1.000000000000
   -0.701573252678    1.000000000000
    0.133651107550    1.000000000000
    0.733244001865    1.000000000000
   -1.891002893448    1.000000000000
   -0.187140494585    1.000000000000
   -2.155304908752    1.000000000000
    0.445370733738    1.000000000000
   -0.364017397165    1.000000000000
    0.523145079613    1.000000000000
    0.203962773085    1.000000000000
   -0.368721455336    1.000000000000
    0.176719337702    1.000000000000
    0.492566853762    1.000000000000
    0.752651631832    1.000000000000
    0.784024655819    1.000000000000
   -0.053605511785    1.000000000000
   -0.145007535815    1.000000000000
   -2.257972240448    1.000000000000
   -1.230266571045    1.000000000000
   -0.166773170233    1.000000000000
   -0.080746911466    1.000000000000
    0.361127853394    1.000000000000
    0.526882708073    1.000000000000
    1.287230849266    2.000000000000
    0.325106531382    2.000000000000
    2.513020038605    2.000000000000
   -1.206517219543    2.000000000000
    2.369120597839    2.000000000000
   -0.221394360065    2.000000000000
   -0.891685783863    2.000000000000
    2.707675695419    2.000000000000
    0.533057451248    2.000000000000
    2.074162006378    2.000000000000
    0.850344479084    2.000000000000
    0.317537367344    2.000000000000
    1.970350503922    2.000000000000
    0.505932569504    2.000000000000
    1.423420667648    2.000000000000
    0.685349285603    2.000000000000
    2.226087808609    2.000000000000
   -0.237859070301    2.000000000000
    0.073380827904    2.000000000000
    0.108761370182    2.000000000000
    0.333822488785    2.000000000000
    0.538551092148    2.000000000000
   -1.779010295868    2.000000000000
    0.706354618073    2.000000000000
    1.818022727966    2.000000000000
   -0.133595049381    2.000000000000
    0.423965394497    2.000000000000
    0.080939531326    2.000000000000
    0.874009966850    2.000000000000
    1.750099539757    2.000000000000
    1.955047845840    2.000000000000
    1.407017230988    2.000000000000
    0.512848615646    2.000000000000
    1.053294301033    2.000000000000
    1.020545840263    2.000000000000
    1.284464240074    2.000000000000
   -0.211845338345    2.000000000000
    1.791485071182    2.000000000000
    0.648425459862    2.000000000000
    0.512476086617    2.000000000000
